2
33
36
39
47
55
78
110
123
134
161
171
176
180
186
196
202
202
226
226
234
256
272
290
292
310
318
324
331
335
336
350
366
371
389
391
411
413
415
449
452
470
474
486
505
508
512
517
521
525
533
535
536
540
551
562
570
570
572
574
575
616
629
645
649
669
671
672
674
694
701
702
705
709
749
760
772
800
818
818
822
836
840
851
852
873
878
883
896
908
912
921
946
962
963
967
978
1027
1032
1036
1052
1071
1075
1077
1092
1108
1111
1129
1133
1151
1171
1173
1175
1186
1187
1196
1201
1210
1216
1221
1222
1223
1225
1237
1241
1278
1283
1283
1284
1284
1292
1307
1309
1314
1322
1323
1339
1339
1352
1366
1387
1397
1398
1399
1426
1427
1451
1472
1481
1499
1510
1515
1519
1524
1537
1548
1553
1555
1556
1577
1585
1599
1611
1634
1637
1643
1649
1663
1702
1703
1704
1706
1708
1716
1716
1718
1724
1728
1731
1735
1736
1743
1751
1759
1767
1770
1772
1802
1816
1817
1825
1827
1841
1847
1855
1868
1886
1897
1905
1939
1954
2004
2005
2010
2013
2020
2040
2042
2046
2062
2068
2069
2083
2087
2101
2104
2109
2145
2154
2156
2166
2172
2183
2183
2185
2193
2208
2221
2223
2236
2272
2276
2289
2293
2295
2295
2309
2313
2322
2329
2331
2332
2341
2360
2363
2369
2377
2388
2403
2405
2415
2418
2420
2432
2435
2464
2474
2488
2498
2514
2518
2532
2547
2574
2597
2600
2618
2635
2646
2651
2664
2665
2679
2681
2684
2716
2718
2731
2742
2765
2770
2791
2811
2812
2818
2822
2823
2846
2854
2857
2863
2867
2867
2869
2870
2877
2878
2903
2904
2908
2924
2927
2935
2935
2939
2949
2960
2985
2999
3001
3009
3014
3018
3056
3061
3072
3078
3089
3104
3117
3122
3127
3137
3141
3143
3145
3154
3187
3188
3240
3259
3266
3283
3284
3297
3305
3315
3327
3328
3344
3347
3347
3354
3356
3362
3371
3379
3394
3410
3417
3433
3445
3469
3472
3491
3498
3503
3535
3548
3550
3553
3568
3575
3605
3605
3610
3625
3629
3630
3642
3643
3645
3646
3657
3677
3678
3679
3690
3694
3698
3707
3720
3726
3727
3753
3756
3790
3796
3822
3830
3835
3837
3864
3903
3919
3933
3938
3942
3950
3952
3958
3963
3992
3999
4013
4023
4048
4057
4070
4073
4073
4088
4089
4090
4102
4113
4136
4141
4152
4166
4167
4186
4187
4191
4209
4215
4219
4228
4258
4260
4273
4275
4276
4285
4286
4299
4327
4329
4349
4388
4394
4395
4403
4453
4468
4477
4484
4496
4512
4521
4522
4540
4559
4564
4565
4574
4585
4590
4590
4597
4598
4598
4599
4626
4634
4638
4647
4658
4679
4706
4708
4713
4713
4720
4756
4764
4774
4786
4797
4797
4802
4807
4811
4813
4852
4855
4855
4862
4888
4888
4890
4900
4901
4901
4918
4921
4925
4945
4947
4954
4983
5001
5014
5020
5034
5046
5050
5062
5077
5082
5095
5143
5160
5162
5176
5217
5230
5265
5269
5287
5302
5304
5318
5327
5351
5362
5382
5393
5395
5396
5399
5404
5416
5430
5433
5448
5452
5456
5466
5479
5480
5489
5504
5504
5528
5533
5549
5570
5580
5581
5602
5611
5617
5621
5635
5652
5682
5685
5730
5746
5761
5764
5765
5776
5779
5803
5804
5807
5818
5824
5828
5842
5866
5868
5892
5901
5913
5917
5922
5929
5934
5935
5967
5986
5987
5987
5989
6006
6009
6021
6041
6042
6044
6059
6065
6084
6101
6110
6114
6138
6141
6157
6184
6189
6192
6192
6224
6241
6242
6246
6252
6264
6265
6266
6287
6301
6307
6328
6352
6353
6366
6369
6377
6389
6389
6407
6411
6423
6424
6432
6440
6457
6461
6476
6490
6490
6493
6495
6497
6499
6509
6522
6522
6523
6538
6548
6559
6564
6565
6570
6602
6604
6610
6611
6620
6623
6628
6639
6641
6647
6665
6673
6746
6750
6757
6763
6765
6770
6775
6778
6785
6786
6791
6794
6801
6803
6843
6867
6873
6885
6901
6913
6915
6928
6946
6960
6964
6964
6973
6982
6992
7001
7019
7023
7050
7055
7069
7071
7082
7087
7105
7109
7114
7126
7133
7136
7140
7146
7150
7155
7163
7172
7182
7182
7188
7208
7219
7223
7224
7254
7259
7278
7279
7281
7282
7295
7298
7301
7309
7318
7325
7339
7358
7370
7379
7401
7410
7413
7415
7417
7428
7460
7474
7503
7508
7511
7527
7530
7539
7541
7542
7555
7557
7561
7576
7577
7579
7586
7597
7601
7611
7612
7622
7628
7637
7656
7680
7702
7711
7715
7723
7723
7728
7748
7764
7793
7809
7810
7811
7814
7830
7833
7854
7855
7874
7876
7892
7894
7902
7920
7942
7958
7965
7975
7990
7997
8000
8009
8021
8037
8049
8051
8059
8094
8098
8119
8120
8135
8137
8149
8152
8157
8158
8164
8168
8178
8181
8183
8191
8201
8210
8229
8251
8256
8266
8286
8288
8297
8313
8328
8351
8352
8352
8364
8376
8387
8396
8404
8408
8415
8419
8422
8424
8424
8429
8430
8444
8445
8451
8451
8474
8475
8478
8489
8501
8526
8542
8553
8566
8566
8577
8594
8606
8619
8627
8644
8653
8662
8694
8696
8699
8702
8717
8774
8776
8786
8803
8809
8815
8840
8841
8861
8869
8891
8894
8904
8912
8916
8920
8921
8935
8938
8941
8945
8972
8974
8986
8990
9001
9012
9029
9031
9052
9055
9059
9064
9070
9096
9099
9100
9120
9132
9149
9166
9176
9179
9194
9200
9206
9210
9217
9237
9238
9239
9240
9244
9254
9281
9285
9333
9387
9406
9416
9437
9439
9444
9460
9462
9468
9471
9494
9499
9508
9510
9514
9534
9536
9549
9554
9560
9567
9578
9585
9627
9632
9642
9670
9684
9685
9713
9746
9754
9768
9790
9830
9831
9839
9839
9855
9864
9873
9875
9882
9884
9892
9896
9908
9917
9932
9937
9937
9965
9979
9996
9996
10001
10001
10010
10014
10016
10031
10056
10058
10061
10067
10071
10083
10104
10105
10107
10115
10118
10131
10133
10138
10159
10167
10181
10183
10197
10206
10210
10214
10214
10215
10223
10227
10257
10294
10325
10384
10390
10397
10406
10407
10423
10435
10441
10452
10477
10487
10489
10492
10499
10513
10516
10530
10532
10555
10579
10585
10589
10598
10610
10618
10629
10633
10639
10639
10644
10667
10684
10687
10690
10703
10710
10724
10743
10758
10765
10780
10782
10787
10791
10798
10823
10889
10891
10899
10915
10919
10920
10922
10924
10944
10944
10964
10977
10986
10990
11014
11030
11039
11081
11085
11089
11094
11109
11111
11114
11119
11130
11164
11182
11192
11197
11215
11229
11238
11255
11279
11279
11282
11285
11295
11313
11342
11344
11357
11380
11438
11456
11459
11461
11471
11473
11473
11487
11495
11496
11496
11498
11513
11514
11519
11531
11531
11548
11577
11581
11584
11585
11605
11612
11631
11636
11644
11644
11651
11654
11664
11670
11689
11692
11715
11721
11727
11736
11738
11739
11746
11766
11771
11773
11781
11784
11806
11808
11810
11820
11828
11832
11834
11841
11852
11879
11890
11902
11912
11920
11937
11952
11969
11971
11975
11981
11997
12016
12026
12038
12040
12056
12063
12064
12067
12078
12088
12090
12098
12098
12101
12101
12107
12107
12116
12118
12121
12126
12149
12165
12175
12197
12198
12202
12211
12223
12229
12240
12241
12268
12272
12295
12326
12326
12339
12345
12368
12369
12398
12403
12419
12423
12446
12455
12472
12479
12507
12529
12531
12540
12543
12570
12579
12583
12599
12619
12621
12632
12633
12654
12672
12705
12713
12714
12744
12775
12776
12777
12794
12805
12827
12827
12848
12853
12857
12864
12870
12872
12875
12910
12958
12964
12965
12965
12976
12980
12986
12987
13001
13002
13003
13005
13024
13035
13045
13057
13061
13093
13094
13102
13118
13129
13136
13141
13159
13174
13201
13202
13224
13225
13235
13243
13248
13250
13257
13257
13270
13287
13310
13310
13317
13323
13333
13334
13349
13366
13369
13383
13393
13393
13403
13411
13416
13426
13439
13458
13491
13496
13499
13501
13504
13514
13515
13535
13546
13553
13560
13562
13574
13576
13580
13609
13622
13630
13640
13656
13663
13673
13696
13700
13715
13723
13740
13749
13768
13778
13794
13805
13805
13806
13806
13806
13811
13812
13815
13816
13818
13821
13826
13841
13843
13844
13864
13870
13895
13895
13947
13952
13958
13959
13959
13967
13973
13984
14007
14010
14020
14025
14042
14042
14060
14070
14073
14083
14143
14158
14165
14166
14185
14186
14205
14206
14235
14235
14239
14240
14246
14257
14262
14274
14279
14279
14302
14324
14348
14354
14356
14369
14386
14388
14397
14407
14414
14414
14422
14439
14454
14455
14476
14478
14484
14485
14501
14505
14519
14526
14528
14531
14547
14549
14561
14596
14606
14606
14609
14614
14620
14631
14640
14645
14655
14674
14703
14704
14705
14705
14725
14735
14749
14757
14761
14762
14767
14772
14781
14800
14804
14809
14810
14810
14814
14845
14847
14857
14859
14869
14887
14906
14914
14916
14923
14926
14926
14942
14968
14969
14981
14987
15019
15024
15035
15046
15051
15056
15063
15087
15089
15113
15121
15121
15139
15142
15166
15166
15171
15180
15192
15195
15199
15213
15219
15225
15280
15304
15317
15337
15338
15359
15361
15397
15423
15427
15429
15434
15434
15437
15445
15453
15460
15481
15484
15495
15516
15517
15522
15529
15530
15538
15550
15554
15557
15565
15576
15580
15610
15610
15628
15631
15655
15667
15671
15683
15709
15725
15736
15738
15753
15756
15761
15767
15779
15780
15797
15797
15804
15805
15807
15812
15818
15826
15830
15843
15856
15874
15874
15877
15881
15902
15904
15926
15928
15931
15958
15960
15966
15983
16001
16003
16015
16017
16029
16031
16050
16059
16068
16072
16094
16102
16106
16109
16114
16147
16157
16160
16190
16192
16244
16246
16249
16281
16291
16296
16297
16297
16314
16315
16351
16353
16371
16391
16396
16400
16401
16434
16439
16442
16444
16448
16471
16472
16482
16490
16498
16509
16520
16531
16563
16566
16574
16587
16588
16589
16590
16591
16604
16614
16623
16623
16625
16644
16658
16669
16670
16673
16675
16738
16777
16778
16782
16789
16792
16801
16807
16821
16823
16853
16868
16876
16899
16899
16921
16930
16940
16945
16959
16978
16986
16987
16994
17017
17024
17027
17030
17034
17037
17044
17069
17118
17122
17177
17206
17210
17218
17228
17244
17273
17283
17288
17300
17303
17311
17319
17337
17345
17356
17368
17372
17374
17374
17385
17387
17405
17409
17425
17429
17442
17445
17453
17465
17484
17509
17513
17532
17535
17562
17563
17566
17595
17602
17603
17603
17618
17639
17649
17653
17660
17665
17669
17681
17687
17693
17745
17752
17763
17770
17778
17778
17780
17787
17788
17792
17810
17838
17861
17874
17874
17879
17881
17882
17896
17908
17922
17941
17943
17952
17954
17954
17955
17960
17976
17977
17984
17990
17999
18006
18031
18043
18052
18063
18078
18083
18088
18091
18093
18098
18111
18111
18123
18143
18146
18147
18152
18152
18157
18176
18183
18192
18200
18211
18216
18231
18231
18237
18252
18291
18292
18318
18322
18325
18332
18339
18346
18347
18373
18385
18388
18395
18406
18428
18438
18440
18447
18468
18471
18485
18488
18488
18491
18496
18512
18519
18519
18524
18529
18538
18543
18559
18595
18600
18607
18614
18623
18660
18681
18688
18732
18735
18739
18752
18761
18779
18784
18787
18800
18804
18812
18814
18833
18836
18845
18861
18867
18870
18882
18909
18960
18969
18973
18983
18983
18984
19001
19053
19054
19057
19061
19061
19094
19101
19104
19110
19117
19129
19141
19142
19143
19143
19154
19180
19181
19191
19195
19223
19245
19249
19255
19274
19283
19292
19295
19297
19346
19381
19398
19400
19420
19421
19424
19424
19437
19440
19443
19446
19448
19466
19522
19524
19527
19527
19529
19530
19547
19552
19563
19601
19607
19649
19651
19655
19669
19694
19699
19714
19727
19733
19735
19739
19746
19750
19753
19755
19767
19768
19782
19812
19825
19828
19831
19844
19849
19857
19869
19873
19900
19930
19944
19948
19953
19956
19984
20004
20015
20038
20040
20108
20121
20133
20135
20173
20186
20193
20195
20201
20207
20223
20226
20247
20255
20259
20281
20299
20308
20309
20318
20326
20345
20346
20379
20379
20392
20411
20422
20439
20439
20461
20471
20481
20521
20536
20541
20543
20546
20551
20554
20558
20575
20608
20612
20617
20630
20632
20634
20647
20649
20649
20658
20668
20675
20677
20683
20686
20694
20698
20711
20734
20745
20754
20757
20762
20782
20786
20789
20794
20800
20806
20809
20824
20842
20852
20853
20854
20858
20860
20868
20870
20877
20881
20885
20889
20890
20895
20901
20912
20917
20918
20951
20984
20986
20988
20995
20997
21011
21017
21023
21031
21046
21046
21047
21061
21078
21092
21113
21123
21132
21143
21148
21150
21172
21186
21186
21198
21206
21207
21219
21226
21242
21250
21260
21270
21293
21303
21323
21338
21346
21369
21392
21392
21393
21398
21415
21426
21430
21436
21446
21451
21457
21460
21486
21491
21510
21512
21516
21516
21524
21525
21529
21531
21534
21549
21593
21597
21607
21612
21619
21630
21639
21656
21678
21684
21698
21704
21704
21717
21724
21725
21731
21735
21743
21747
21752
21759
21763
21776
21795
21802
21816
21820
21832
21846
21853
21867
21867
21870
21887
21894
21906
21928
21935
21947
21949
21950
21951
21966
21978
21980
21984
21988
21996
22002
22021
22023
22026
22028
22046
22056
22070
22084
22086
22093
22098
22111
22122
22124
22128
22159
22189
22199
22208
22220
22221
22225
22234
22241
22242
22256
22257
22264
22279
22280
22307
22349
22350
22351
22361
22365
22369
22369
22394
22406
22409
22411
22416
22421
22432
22440
22441
22452
22464
22468
22469
22476
22477
22484
22487
22492
22505
22526
22538
22542
22545
22567
22568
22573
22593
22617
22625
22632
22633
22634
22650
22654
22655
22662
22667
22700
22702
22705
22714
22721
22738
22741
22775
22779
22781
22801
22809
22828
22830
22831
22842
22845
22848
22849
22855
22886
22900
22914
22926
22944
22947
22965
22967
22977
22983
22987
22991
23023
23036
23056
23079
23080
23084
23089
23089
23098
23098
23110
23112
23116
23129
23148
23158
23174
23179
23193
23208
23218
23224
23242
23253
23255
23258
23278
23282
23283
23294
23296
23297
23327
23329
23332
23369
23378
23378
23383
23386
23391
23398
23416
23418
23420
23432
23436
23440
23453
23460
23464
23466
23482
23492
23499
23501
23507
23517
23528
23557
23582
23589
23593
23601
23631
23637
23640
23646
23652
23665
23673
23674
23676
23676
23716
23721
23735
23754
23758
23759
23769
23774
23776
23790
23796
23807
23811
23823
23827
23830
23869
23876
23880
23882
23896
23905
23910
23915
23922
23922
23931
23941
23951
23968
23972
23976
23983
23984
23986
23990
23995
24004
24011
24017
24025
24028
24053
24054
24061
24068
24078
24095
24098
24108
24126
24140
24149
24160
24175
24182
24182
24189
24190
24194
24194
24197
24197
24235
24246
24256
24261
24276
24313
24315
24318
24318
24353
24354
24366
24373
24378
24400
24407
24420
24440
24452
24455
24455
24479
24482
24486
24489
24498
24510
24517
24523
24551
24557
24589
24594
24597
24603
24615
24659
24686
24689
24692
24696
24727
24741
24744
24775
24788
24800
24834
24835
24836
24841
24854
24860
24865
24873
24875
24878
24886
24893
24895
24906
24908
24930
24945
24957
24979
24989
24989
24992
24995
24997
24999
25004
25006
25011
25011
25016
25017
25027
25069
25069
25099
25108
25138
25155
25158
25169
25171
25194
25197
25201
25201
25219
25224
25242
25247
25247
25250
25252
25255
25256
25257
25258
25259
25267
25272
25275
25278
25289
25289
25312
25332
25339
25342
25343
25354
25370
25380
25390
25405
25412
25424
25431
25432
25436
25448
25455
25461
25471
25473
25479
25480
25496
25498
25502
25503
25509
25526
25562
25574
25580
25620
25620
25621
25627
25636
25644
25647
25655
25655
25660
25673
25687
25687
25690
25693
25706
25731
25767
25783
25786
25793
25823
25824
25840
25918
25922
25931
25931
25933
25948
25951
25967
25978
25978
25987
25990
26025
26045
26046
26051
26058
26064
26101
26120
26121
26125
26131
26135
26136
26143
26147
26149
26152
26155
26159
26159
26180
26185
26204
26205
26215
26229
26230
26235
26242
26298
26300
26308
26310
26311
26321
26321
26328
26330
26345
26356
26356
26357
26360
26399
26406
26415
26433
26434
26476
26477
26477
26488
26495
26499
26515
26533
26541
26542
26556
26561
26572
26572
26582
26594
26597
26597
26598
26600
26601
26616
26619
26665
26667
26694
26701
26702
26710
26729
26739
26750
26782
26800
26809
26811
26822
26838
26839
26841
26853
26863
26867
26877
26879
26879
26881
26887
26896
26900
26910
26916
26920
26936
26937
26943
26945
26947
26950
26961
26978
26983
27006
27029
27033
27057
27057
27059
27059
27072
27090
27096
27097
27105
27114
27120
27133
27141
27141
27169
27174
27175
27193
27213
27214
27252
27259
27260
27273
27275
27283
27317
27321
27327
27352
27355
27362
27362
27362
27374
27389
27390
27392
27406
27412
27413
27420
27433
27436
27440
27441
27466
27469
27470
27477
27485
27492
27505
27516
27529
27542
27543
27567
27571
27583
27622
27630
27631
27634
27640
27649
27651
27654
27654
27660
27662
27665
27667
27672
27674
27682
27683
27690
27708
27715
27721
27729
27736
27779
27810
27812
27825
27834
27837
27859
27862
27871
27872
27876
27886
27892
27926
27934
27936
27938
27953
27955
27961
27961
27964
27969
27973
28011
28025
28026
28032
28034
28044
28045
28047
28054
28059
28079
28103
28121
28124
28133
28137
28147
28159
28168
28186
28217
28225
28239
28260
28266
28298
28300
28310
28318
28322
28345
28354
28355
28360
28379
28380
28385
28387
28396
28396
28398
28403
28410
28434
28445
28457
28472
28476
28478
28479
28481
28482
28483
28484
28490
28532
28538
28555
28556
28568
28579
28582
28614
28617
28632
28633
28649
28661
28662
28662
28664
28670
28670
28672
28702
28708
28714
28723
28734
28753
28754
28760
28771
28778
28794
28811
28853
28874
28893
28897
28928
28977
28977
28982
28985
28985
28993
28995
28998
29009
29010
29025
29026
29035
29062
29072
29074
29074
29076
29101
29106
29129
29131
29133
29140
29144
29150
29150
29152
29165
29176
29205
29215
29227
29238
29241
29253
29267
29269
29275
29283
29288
29292
29295
29296
29301
29315
29317
29332
29346
29348
29349
29349
29355
29373
29376
29377
29379
29388
29410
29412
29444
29444
29449
29491
29498
29525
29535
29544
29554
29560
29565
29569
29569
29580
29606
29630
29658
29661
29666
29726
29730
29734
29747
29748
29760
29765
29766
29772
29779
29780
29805
29813
29828
29874
29876
29883
29884
29888
29893
29898
29911
29911
29913
29914
29914
29916
29920
29923
29923
29940
29944
29947
29956
29959
29962
29963
29974
29986
29990
29994
29998
30003
30017
30025
30034
30060
30063
30063
30069
30073
30074
30074
30098
30099
30109
30110
30130
30132
30139
30145
30161
30162
30180
30180
30198
30208
30210
30211
30223
30223
30230
30235
30244
30249
30253
30259
30261
30278
30310
30322
30338
30353
30357
30369
30372
30386
30386
30389
30393
30397
30404
30413
30414
30416
30417
30421
30424
30426
30442
30494
30555
30558
30567
30569
30571
30584
30590
30592
30611
30613
30620
30624
30640
30653
30676
30687
30709
30724
30729
30729
30731
30748
30758
30759
30785
30787
30813
30819
30823
30839
30862
30869
30888
30892
30908
30910
30912
30916
30917
30928
30930
30934
30934
30939
30947
30952
30961
30962
30973
30997
31004
31005
31009
31031
31032
31040
31043
31046
31046
31047
31050
31084
31086
31129
31146
31167
31178
31195
31241
31242
31244
31247
31248
31260
31270
31294
31311
31313
31329
31337
31341
31350
31358
31360
31367
31381
31415
31432
31434
31441
31443
31455
31462
31467
31473
31488
31493
31511
31512
31531
31558
31559
31562
31567
31583
31598
31601
31602
31604
31608
31612
31613
31629
31640
31657
31662
31672
31677
31690
31711
31718
31747
31766
31774
31778
31790
31793
31807
31808
31816
31821
31823
31843
31847
31857
31864
31869
31875
31884
31886
31897
31905
31920
31943
31949
31949
31954
31994
31996
32013
32023
32023
32066
32074
32092
32095
32097
32099
32115
32121
32144
32152
32153
32165
32166
32168
32172
32181
32205
32207
32210
32228
32231
32236
32249
32276
32280
32287
32301
32314
32315
32316
32347
32352
32397
32404
32415
32418
32423
32429
32437
32455
32469
32493
32494
32496
32514
32514
32526
32561
32566
32586
32598
32606
32618
32621
32631
32641
32642
32645
32645
32659
32661
32665
32667
32678
32689
32700
32708
32717
32724
32738
32753
32777
32784
32793
32801
32805
32838
32851
32856
32870
32892
32896
32896
32904
32924
32927
32966
33016
33019
33026
33026
33041
33043
33047
33050
33050
33070
33078
33083
33090
33091
33094
33124
33127
33127
33137
33145
33148
33155
33157
33158
33160
33172
33172
33175
33175
33175
33179
33181
33186
33189
33192
33196
33220
33221
33224
33224
33227
33230
33255
33262
33270
33303
33323
33326
33335
33336
33340
33361
33361
33391
33392
33396
33418
33424
33437
33437
33447
33453
33465
33467
33494
33505
33525
33530
33531
33537
33540
33544
33562
33568
33579
33589
33609
33610
33641
33644
33661
33679
33693
33704
33716
33719
33747
33753
33765
33775
33782
33839
33850
33851
33853
33855
33873
33879
33891
33891
33891
33902
33909
33913
33958
33979
33990
34008
34009
34036
34057
34064
34072
34080
34092
34118
34149
34154
34156
34198
34214
34240
34250
34252
34263
34267
34296
34306
34319
34325
34354
34359
34364
34387
34403
34408
34425
34429
34440
34455
34456
34462
34469
34469
34477
34492
34507
34517
34549
34550
34553
34568
34570
34572
34573
34621
34626
34673
34681
34681
34688
34690
34697
34701
34706
34711
34728
34744
34753
34754
34754
34775
34788
34795
34806
34807
34809
34855
34904
34926
34931
34933
34933
34972
34990
34991
34996
35009
35039
35056
35092
35093
35102
35107
35115
35134
35148
35177
35197
35200
35221
35231
35231
35234
35248
35261
35269
35283
35286
35304
35327
35329
35333
35345
35356
35358
35360
35367
35374
35375
35378
35394
35410
35429
35435
35441
35443
35447
35460
35475
35525
35535
35544
35552
35567
35573
35576
35581
35582
35584
35591
35594
35595
35597
35606
35618
35637
35645
35651
35652
35667
35668
35680
35683
35688
35692
35692
35711
35715
35723
35735
35786
35789
35790
35800
35800
35817
35828
35836
35837
35854
35868
35893
35907
35925
35934
35938
35970
35973
36012
36052
36080
36083
36084
36092
36092
36128
36135
36141
36142
36166
36186
36187
36192
36195
36214
36217
36258
36285
36293
36294
36296
36308
36310
36313
36315
36320
36329
36330
36331
36342
36369
36384
36389
36400
36408
36416
36439
36447
36448
36465
36482
36491
36502
36510
36512
36521
36539
36560
36579
36600
36601
36612
36616
36641
36644
36665
36692
36704
36708
36708
36729
36748
36748
36750
36753
36756
36762
36763
36770
36787
36789
36802
36803
36808
36820
36822
36829
36830
36841
36849
36875
36898
36913
36914
36926
36930
36934
36935
36950
36971
36977
36983
36994
37020
37030
37037
37047
37049
37050
37094
37106
37106
37108
37116
37133
37143
37160
37162
37165
37186
37193
37201
37203
37212
37221
37242
37274
37276
37276
37287
37297
37310
37334
37335
37336
37364
37369
37381
37384
37384
37386
37391
37397
37409
37412
37416
37433
37444
37451
37455
37470
37472
37476
37485
37488
37506
37526
37528
37529
37534
37548
37565
37593
37594
37601
37618
37626
37630
37632
37656
37667
37679
37691
37695
37726
37757
37760
37763
37787
37815
37817
37826
37868
37881
37886
37911
37912
37919
37923
37932
37968
37974
37978
37982
37987
37993
38005
38007
38040
38047
38047
38048
38049
38062
38066
38070
38073
38101
38109
38132
38155
38167
38173
38180
38188
38194
38194
38230
38243
38252
38255
38269
38272
38302
38304
38310
38323
38328
38330
38331
38344
38358
38361
38380
38382
38391
38391
38401
38406
38415
38423
38434
38448
38473
38474
38479
38484
38500
38516
38521
38526
38536
38541
38560
38568
38579
38586
38588
38588
38595
38604
38627
38629
38632
38651
38652
38682
38689
38703
38716
38721
38724
38725
38737
38740
38744
38755
38758
38761
38762
38781
38792
38810
38814
38823
38846
38846
38902
38912
38913
38919
38930
38934
38959
38965
38966
38982
38985
38997
39001
39003
39006
39015
39019
39021
39025
39040
39045
39047
39048
39062
39065
39078
39104
39105
39123
39125
39130
39138
39142
39146
39167
39168
39181
39217
39230
39239
39251
39262
39269
39278
39279
39286
39294
39298
39320
39338
39345
39347
39350
39352
39357
39369
39377
39392
39394
39403
39414
39414
39419
39457
39463
39484
39505
39508
39513
39522
39530
39543
39548
39557
39568
39571
39574
39576
39586
39626
39627
39640
39654
39676
39680
39685
39698
39704
39705
39727
39734
39736
39745
39772
39797
39798
39807
39813
39827
39835
39835
39841
39855
39860
39882
39884
39891
39895
39899
39905
39919
39926
39932
39945
39952
39957
39958
39962
39963
39968
39975
39993
39993
39996
40003
40021
40026
40037
40073
40091
40092
40109
40115
40116
40119
40131
40131
40132
40133
40182
40190
40202
40205
40215
40228
40229
40229
40230
40235
40246
40264
40269
40275
40285
40298
40306
40329
40329
40337
40341
40344
40355
40355
40361
40388
40393
40415
40424
40426
40429
40434
40446
40465
40471
40475
40481
40490
40508
40509
40514
40516
40520
40539
40571
40571
40583
40590
40591
40594
40607
40615
40621
40644
40651
40670
40678
40685
40688
40731
40754
40761
40765
40769
40771
40776
40781
40787
40793
40793
40793
40820
40828
40841
40847
40871
40873
40895
40905
40945
40965
40971
40980
40986
40987
40988
41007
41016
41019
41019
41023
41027
41052
41073
41074
41078
41102
41115
41121
41127
41137
41159
41164
41165
41167
41171
41176
41202
41204
41204
41208
41217
41225
41228
41261
41280
41280
41319
41328
41331
41360
41361
41387
41394
41424
41428
41436
41447
41452
41473
41481
41481
41486
41496
41524
41533
41533
41548
41550
41563
41565
41581
41585
41588
41606
41607
41611
41612
41613
41623
41623
41628
41634
41640
41640
41640
41713
41719
41732
41734
41736
41741
41741
41744
41754
41770
41784
41786
41793
41834
41841
41873
41874
41886
41901
41909
41918
41919
41922
41935
41942
41944
41957
41986
42002
42011
42023
42043
42046
42050
42056
42063
42100
42115
42122
42127
42127
42127
42128
42136
42143
42183
42198
42205
42220
42222
42222
42228
42243
42264
42269
42305
42308
42321
42349
42370
42370
42375
42387
42389
42391
42394
42397
42399
42437
42438
42455
42483
42485
42554
42558
42560
42572
42576
42589
42597
42601
42627
42643
42661
42667
42668
42689
42712
42715
42727
42734
42744
42755
42759
42784
42807
42813
42820
42822
42828
42833
42841
42843
42850
42865
42898
42907
42912
42933
42942
42950
42951
42953
42955
42964
42970
42975
42983
43009
43021
43035
43043
43050
43059
43073
43081
43082
43087
43097
43113
43134
43141
43143
43159
43169
43184
43188
43196
43199
43204
43214
43219
43231
43231
43232
43246
43246
43260
43262
43265
43277
43277
43278
43279
43289
43299
43328
43335
43356
43379
43386
43393
43409
43427
43437
43438
43439
43441
43443
43445
43445
43450
43461
43465
43466
43503
43503
43514
43531
43546
43558
43562
43566
43568
43573
43587
43598
43611
43614
43656
43657
43659
43663
43677
43687
43697
43702
43703
43718
43733
43754
43760
43780
43792
43803
43812
43818
43823
43824
43830
43831
43832
43846
43850
43874
43886
43888
43888
43890
43907
43923
43927
43929
43947
43954
43959
43961
43980
43991
43992
43998
44020
44021
44021
44036
44060
44064
44066
44070
44075
44078
44088
44094
44124
44127
44157
44162
44163
44183
44197
44198
44201
44214
44231
44258
44262
44263
44284
44287
44300
44305
44312
44314
44316
44319
44354
44374
44393
44397
44397
44449
44462
44477
44482
44488
44492
44518
44519
44565
44575
44577
44582
44589
44621
44626
44627
44642
44646
44650
44692
44696
44697
44698
44706
44724
44731
44735
44756
44761
44770
44779
44790
44792
44793
44801
44818
44819
44823
44830
44836
44843
44848
44849
44854
44857
44868
44874
44908
44914
44919
44919
44932
44933
44940
44940
44944
44951
44954
44955
44958
44964
44978
44984
45013
45025
45034
45053
45058
45074
45084
45088
45129
45144
45145
45147
45157
45160
45162
45184
45186
45197
45197
45200
45202
45214
45226
45231
45248
45269
45269
45272
45281
45286
45287
45296
45296
45339
45349
45358
45369
45397
45406
45406
45408
45415
45418
45421
45433
45441
45449
45455
45464
45521
45549
45556
45557
45560
45563
45566
45568
45589
45601
45614
45614
45632
45637
45647
45651
45657
45657
45662
45677
45686
45686
45734
45736
45740
45742
45747
45765
45780
45794
45804
45808
45808
45809
45815
45838
45848
45854
45855
45862
45871
45879
45901
45903
45905
45907
45967
45969
45974
45979
45979
45984
45985
45990
46003
46003
46012
46016
46027
46038
46041
46057
46081
46088
46143
46145
46161
46188
46188
46194
46200
46210
46216
46217
46220
46266
46284
46302
46308
46331
46342
46343
46351
46362
46364
46386
46395
46399
46402
46405
46419
46433
46444
46461
46464
46465
46477
46487
46497
46509
46511
46516
46522
46541
46554
46556
46560
46566
46568
46570
46577
46580
46589
46606
46634
46645
46653
46677
46686
46688
46695
46696
46696
46712
46722
46731
46734
46750
46760
46763
46770
46775
46775
46785
46800
46804
46805
46851
46853
46856
46857
46857
46870
46876
46902
46906
46908
46912
46923
46925
46937
46955
46971
46984
47000
47013
47036
47054
47062
47063
47072
47077
47099
47109
47121
47122
47129
47129
47143
47158
47193
47209
47221
47222
47237
47238
47242
47259
47261
47262
47269
47278
47305
47314
47319
47322
47357
47357
47359
47377
47380
47381
47409
47417
47425
47451
47466
47474
47478
47485
47492
47495
47504
47505
47506
47515
47519
47527
47539
47541
47550
47554
47559
47565
47568
47586
47593
47594
47601
47614
47617
47618
47620
47622
47623
47646
47647
47650
47652
47657
47675
47677
47691
47691
47702
47708
47715
47744
47746
47761
47787
47806
47809
47818
47824
47842
47850
47862
47863
47870
47871
47873
47880
47902
47915
47921
47924
47940
47947
47954
47970
47977
47982
47985
48007
48007
48010
48018
48048
48057
48067
48082
48085
48086
48105
48113
48123
48151
48172
48201
48208
48215
48216
48219
48231
48257
48277
48279
48306
48317
48321
48329
48354
48366
48380
48381
48417
48420
48425
48438
48447
48462
48478
48480
48497
48505
48512
48516
48532
48532
48546
48549
48552
48559
48578
48581
48632
48644
48649
48655
48678
48678
48695
48736
48749
48761
48765
48776
48795
48798
48810
48824
48834
48838
48852
48859
48878
48880
48906
48908
48918
48930
48931
49024
49040
49044
49050
49067
49071
49071
49073
49084
49088
49092
49140
49159
49168
49181
49189
49204
49205
49208
49226
49234
49240
49242
49248
49255
49272
49299
49308
49329
49341
49391
49391
49396
49414
49419
49419
49429
49431
49434
49441
49441
49445
49458
49473
49476
49506
49507
49516
49523
49524
49544
49564
49566
49575
49578
49582
49584
49594
49607
49610
49615
49618
49619
49626
49633
49637
49642
49643
49653
49654
49666
49690
49705
49718
49722
49734
49754
49757
49760
49772
49779
49786
49786
49790
49797
49798
49813
49813
49830
49831
49871
49879
49891
49898
49898
49901
49902
49908
49908
49913
49915
49930
49931
49951
49981
49983
49985
49986
49990
49994
50008
50008
50015
50016
50018
50019
50030
50048
50061
50084
50094
50097
50107
50110
50114
50122
50143
50145
50153
50167
50170
50173
50179
50185
50236
50240
50279
50281
50293
50296
50311
50336
50350
50359
50370
50382
50389
50402
50408
50420
50448
50450
50450
50450
50455
50478
50485
50494
50501
50504
50515
50516
50525
50529
50533
50542
50560
50567
50578
50592
50601
50614
50621
50622
50645
50652
50653
50655
50659
50663
50671
50673
50685
50701
50707
50710
50718
50718
50719
50731
50731
50733
50737
50748
50753
50759
50772
50783
50817
50822
50844
50867
50874
50876
50877
50879
50881
50888
50893
50902
50909
50937
50943
50949
50957
50958
50967
50978
51003
51008
51024
51025
51032
51032
51049
51063
51068
51079
51085
51118
51120
51120
51120
51132
51136
51157
51159
51180
51207
51214
51236
51251
51288
51331
51333
51333
51338
51372
51372
51378
51404
51410
51416
51428
51450
51460
51461
51461
51481
51484
51485
51494
51494
51495
51507
51508
51523
51550
51553
51556
51590
51595
51599
51636
51636
51646
51649
51661
51670
51681
51686
51703
51731
51742
51742
51742
51746
51754
51779
51799
51811
51812
51814
51816
51816
51858
51871
51896
51910
51915
51923
51924
51928
51941
51942
51943
51994
52017
52023
52037
52038
52071
52087
52103
52109
52113
52123
52139
52152
52183
52190
52196
52204
52212
52220
52225
52231
52252
52254
52258
52260
52262
52266
52294
52296
52297
52311
52320
52331
52351
52352
52363
52376
52409
52420
52423
52425
52429
52436
52436
52443
52445
52452
52453
52453
52454
52470
52470
52484
52487
52505
52511
52512
52514
52547
52557
52564
52567
52583
52590
52594
52601
52606
52651
52664
52666
52703
52716
52717
52717
52720
52724
52735
52742
52745
52747
52773
52777
52815
52821
52822
52827
52832
52834
52834
52847
52860
52867
52872
52875
52879
52882
52886
52887
52887
52892
52899
52917
52919
52944
52955
52955
52973
52977
52979
52983
52992
52996
53015
53030
53032
53033
53039
53044
53050
53052
53103
53109
53121
53122
53131
53136
53153
53154
53172
53188
53191
53199
53206
53242
53243
53252
53254
53255
53264
53270
53299
53311
53312
53332
53346
53374
53379
53381
53411
53425
53437
53439
53468
53474
53478
53504
53517
53533
53549
53555
53595
53600
53610
53614
53636
53650
53663
53673
53674
53683
53693
53694
53700
53723
53724
53738
53741
53759
53764
53768
53773
53778
53781
53836
53844
53849
53885
53893
53895
53898
53899
53941
53943
53950
53962
53962
53981
53984
53987
53990
53995
54004
54007
54008
54009
54014
54024
54036
54054
54058
54063
54068
54074
54080
54082
54093
54110
54115
54123
54125
54137
54149
54150
54155
54156
54175
54179
54188
54193
54195
54198
54223
54223
54286
54287
54292
54315
54317
54335
54340
54353
54372
54373
54375
54389
54394
54397
54397
54399
54408
54418
54422
54428
54428
54432
54441
54456
54463
54475
54485
54492
54516
54521
54522
54536
54539
54550
54572
54603
54606
54610
54619
54621
54622
54650
54656
54661
54671
54683
54684
54693
54715
54721
54724
54744
54747
54749
54778
54793
54799
54819
54828
54831
54832
54841
54852
54852
54854
54892
54946
54971
54980
54983
55007
55011
55016
55031
55032
55041
55052
55056
55059
55089
55106
55127
55127
55140
55146
55162
55165
55174
55175
55202
55208
55220
55221
55225
55244
55246
55252
55256
55279
55279
55290
55292
55323
55348
55354
55357
55366
55384
55391
55391
55415
55426
55432
55433
55437
55439
55460
55464
55472
55474
55476
55492
55504
55507
55509
55540
55557
55630
55633
55665
55667
55689
55691
55699
55700
55716
55720
55728
55729
55736
55737
55753
55753
55757
55803
55816
55821
55822
55823
55837
55845
55854
55887
55892
55905
55906
55911
55929
55950
55955
55964
55977
55988
55991
55993
56004
56014
56019
56064
56067
56080
56084
56117
56119
56138
56150
56151
56153
56158
56175
56196
56205
56215
56222
56253
56271
56286
56296
56296
56304
56314
56318
56319
56335
56338
56345
56345
56358
56365
56373
56375
56378
56379
56383
56384
56393
56400
56401
56405
56412
56416
56417
56419
56440
56441
56451
56457
56459
56460
56467
56502
56508
56512
56521
56529
56529
56530
56532
56539
56552
56559
56565
56601
56611
56619
56634
56650
56666
56671
56672
56712
56723
56728
56734
56737
56796
56800
56810
56810
56821
56823
56836
56854
56862
56872
56899
56945
56966
56984
56986
56996
57006
57026
57062
57066
57071
57077
57082
57094
57096
57100
57111
57113
57121
57130
57132
57147
57164
57207
57222
57233
57235
57252
57259
57261
57264
57271
57290
57303
57316
57317
57320
57323
57323
57330
57340
57352
57353
57355
57402
57419
57428
57436
57441
57452
57452
57457
57459
57473
57475
57478
57482
57483
57540
57551
57556
57565
57569
57581
57581
57586
57589
57620
57623
57649
57650
57654
57654
57666
57674
57675
57679
57688
57694
57698
57705
57713
57720
57735
57751
57755
57768
57774
57786
57830
57859
57877
57886
57889
57898
57907
57914
57915
57925
57952
57958
57960
57973
57978
57989
57994
57999
58026
58048
58051
58063
58072
58080
58111
58133
58135
58143
58144
58148
58157
58159
58161
58163
58172
58179
58179
58181
58186
58188
58204
58218
58229
58233
58237
58244
58251
58278
58289
58296
58330
58346
58357
58386
58392
58398
58413
58436
58466
58467
58486
58488
58492
58493
58496
58505
58515
58518
58524
58533
58565
58583
58585
58587
58591
58592
58618
58624
58633
58642
58645
58666
58672
58677
58679
58682
58709
58714
58733
58734
58735
58743
58753
58754
58758
58776
58790
58819
58826
58831
58831
58834
58839
58849
58866
58874
58886
58891
58906
58921
58923
58928
58930
58931
58937
58943
58945
58954
58958
58964
58979
58988
58997
59027
59038
59044
59051
59055
59060
59066
59071
59090
59090
59107
59109
59129
59135
59136
59140
59150
59160
59174
59175
59185
59199
59201
59208
59213
59214
59221
59222
59242
59261
59270
59320
59320
59338
59341
59344
59352
59359
59361
59376
59384
59386
59391
59413
59413
59438
59442
59443
59444
59469
59469
59477
59483
59489
59492
59495
59500
59519
59549
59584
59588
59598
59603
59607
59622
59671
59682
59682
59686
59690
59693
59709
59715
59716
59732
59733
59746
59767
59783
59788
59804
59829
59837
59842
59852
59863
59863
59869
59879
59884
59889
59890
59900
59913
59917
59925
59972
59985
59985
59991
59995
59996
59998
59998
60012
60067
60071
60086
60096
60106
60117
60122
60152
60153
60154
60157
60163
60191
60194
60204
60206
60216
60220
60232
60297
60301
60317
60328
60332
60337
60345
60360
60368
60382
60393
60406
60418
60423
60425
60429
60454
60457
60462
60464
60481
60483
60514
60520
60532
60532
60538
60561
60578
60583
60602
60623
60623
60633
60644
60653
60658
60670
60693
60709
60709
60712
60732
60756
60765
60777
60786
60790
60795
60798
60833
60845
60847
60859
60873
60874
60874
60892
60903
60931
60936
60945
60952
60965
60976
60999
61017
61025
61045
61049
61068
61072
61095
61120
61120
61140
61147
61170
61176
61192
61210
61222
61264
61267
61301
61323
61344
61346
61367
61402
61402
61414
61447
61449
61457
61475
61488
61506
61510
61524
61533
61541
61552
61563
61594
61594
61609
61609
61623
61636
61636
61640
61652
61663
61665
61670
61675
61681
61690
61709
61711
61729
61732
61735
61738
61746
61760
61780
61787
61794
61807
61807
61822
61834
61858
61863
61865
61895
61896
61901
61920
61923
61938
61944
61954
61964
61995
62005
62021
62042
62068
62071
62078
62080
62082
62099
62119
62129
62132
62144
62161
62161
62169
62181
62197
62215
62223
62252
62253
62264
62287
62323
62337
62339
62346
62347
62355
62360
62365
62376
62378
62389
62394
62395
62405
62430
62430
62430
62445
62445
62446
62467
62485
62499
62505
62510
62518
62521
62537
62541
62541
62542
62548
62554
62571
62575
62589
62599
62619
62628
62653
62655
62657
62667
62680
62681
62687
62694
62708
62712
62715
62722
62735
62772
62794
62812
62825
62847
62851
62853
62865
62880
62882
62884
62885
62905
62912
62917
62922
62927
62931
62932
62935
62936
62989
62992
62994
62994
63006
63011
63044
63052
63052
63063
63069
63073
63075
63076
63105
63109
63112
63118
63127
63129
63137
63140
63150
63155
63159
63160
63171
63181
63196
63203
63205
63210
63234
63240
63245
63258
63280
63299
63312
63328
63339
63346
63350
63353
63364
63370
63374
63389
63391
63405
63413
63431
63432
63446
63456
63461
63464
63501
63511
63532
63558
63566
63576
63593
63594
63595
63597
63602
63608
63615
63619
63619
63625
63628
63635
63636
63644
63662
63676
63678
63697
63708
63710
63714
63724
63732
63732
63743
63752
63776
63795
63805
63823
63826
63838
63843
63846
63851
63856
63861
63873
63886
63896
63902
63915
63921
63922
63927
63945
63953
63965
63973
63979
64006
64008
64014
64020
64054
64064
64066
64077
64080
64082
64086
64088
64088
64109
64115
64125
64135
64136
64188
64190
64195
64198
64211
64215
64237
64246
64250
64260
64264
64288
64313
64321
64330
64330
64339
64351
64352
64359
64365
64372
64384
64386
64389
64409
64414
64418
64421
64427
64432
64450
64453
64460
64461
64464
64470
64472
64472
64505
64508
64508
64513
64523
64525
64572
64577
64579
64605
64638
64654
64661
64665
64692
64703
64715
64732
64732
64743
64756
64764
64767
64780
64802
64804
64808
64809
64838
64840
64854
64872
64888
64891
64922
64931
64940
64969
64970
64999
65037
65041
65042
65048
65049
65049
65051
65063
65067
65069
65069
65073
65078
65080
65088
65106
65115
65116
65121
65133
65136
65146
65151
65159
65161
65169
65177
65184
65196
65198
65236
65236
65276
65280
65285
65294
65296
65305
65306
65311
65312
65313
65323
65323
65337
65345
65356
65359
65365
65366
65368
65381
65381
65383
65396
65412
65445
65486
65488
65492
65493
65493
65504
65515
65543
65547
65552
65580
65580
65585
65611
65613
65616
65651
65658
65679
65683
65685
65712
65715
65719
65733
65739
65742
65743
65753
65760
65766
65773
65774
65784
65794
65797
65818
65822
65854
65859
65861
65875
65894
65899
65906
65918
65918
65922
65940
65945
65952
65967
65975
65979
65991
65991
65994
66009
66049
66065
66078
66090
66104
66108
66113
66114
66128
66138
66145
66188
66192
66211
66222
66232
66254
66256
66267
66289
66298
66298
66312
66343
66352
66356
66356
66361
66399
66406
66407
66408
66419
66420
66438
66446
66458
66471
66475
66480
66492
66494
66512
66519
66519
66522
66523
66532
66535
66541
66578
66584
66588
66597
66602
66604
66628
66632
66648
66686
66686
66692
66694
66695
66702
66719
66719
66727
66728
66728
66741
66748
66750
66757
66760
66765
66781
66785
66790
66799
66809
66811
66816
66836
66837
66845
66852
66864
66872
66872
66880
66883
66893
66921
66927
66928
66929
66939
66951
66966
66987
66998
67004
67015
67016
67021
67027
67040
67043
67052
67052
67059
67071
67080
67085
67091
67091
67092
67094
67113
67117
67124
67124
67128
67130
67133
67175
67183
67205
67207
67212
67215
67217
67231
67233
67258
67275
67294
67297
67307
67337
67345
67357
67364
67374
67378
67381
67388
67391
67392
67399
67406
67407
67418
67424
67440
67446
67464
67479
67481
67483
67490
67490
67492
67503
67504
67508
67510
67530
67536
67563
67590
67612
67613
67627
67664
67679
67699
67700
67721
67752
67758
67759
67760
67779
67794
67827
67833
67840
67854
67884
67914
67946
67986
67996
68008
68015
68017
68019
68052
68075
68080
68080
68082
68089
68114
68119
68137
68139
68152
68155
68174
68183
68197
68207
68214
68218
68226
68233
68238
68240
68259
68263
68291
68293
68296
68302
68314
68315
68331
68346
68347
68351
68357
68367
68409
68418
68436
68438
68443
68474
68482
68482
68489
68496
68505
68506
68514
68518
68538
68542
68553
68559
68596
68598
68599
68616
68622
68628
68636
68643
68646
68649
68665
68675
68686
68686
68693
68700
68709
68713
68716
68720
68730
68733
68748
68759
68760
68768
68769
68788
68790
68802
68815
68821
68835
68842
68850
68851
68857
68860
68862
68868
68873
68889
68892
68893
68896
68924
68925
68928
68945
68948
68983
68985
68994
68998
69019
69019
69038
69039
69041
69050
69057
69062
69071
69108
69127
69130
69136
69143
69144
69176
69177
69188
69191
69192
69200
69203
69216
69220
69223
69233
69245
69256
69261
69263
69280
69286
69293
69328
69329
69332
69360
69365
69382
69385
69394
69414
69428
69442
69444
69487
69489
69494
69500
69501
69505
69510
69523
69537
69540
69557
69562
69579
69590
69603
69607
69611
69611
69617
69620
69623
69625
69636
69654
69670
69697
69710
69712
69719
69730
69745
69753
69766
69785
69796
69840
69852
69867
69902
69913
69930
69936
69951
69959
69969
69973
70008
70013
70024
70030
70031
70033
70039
70061
70072
70075
70080
70082
70088
70094
70100
70113
70114
70118
70125
70130
70144
70167
70168
70173
70187
70202
70210
70217
70225
70227
70253
70280
70297
70312
70318
70319
70338
70341
70359
70375
70384
70392
70405
70405
70415
70417
70422
70424
70437
70454
70455
70468
70475
70478
70484
70488
70505
70512
70517
70534
70537
70542
70547
70564
70566
70570
70580
70584
70592
70629
70640
70654
70667
70713
70716
70734
70744
70749
70782
70794
70797
70807
70816
70817
70820
70831
70843
70855
70855
70858
70861
70862
70863
70864
70870
70871
70881
70890
70912
70916
70928
70942
70951
70962
70971
70990
70994
71010
71013
71025
71036
71036
71042
71046
71062
71084
71095
71106
71112
71128
71139
71141
71142
71148
71175
71181
71188
71235
71236
71246
71250
71259
71267
71275
71289
71295
71310
71311
71329
71334
71347
71349
71351
71361
71374
71376
71403
71418
71434
71453
71465
71467
71476
71487
71501
71513
71523
71524
71551
71554
71563
71571
71572
71591
71602
71628
71628
71631
71649
71649
71656
71664
71669
71682
71688
71691
71721
71760
71764
71781
71793
71793
71804
71813
71813
71830
71832
71835
71839
71844
71849
71852
71897
71899
71900
71915
71915
71924
71925
71931
71941
71979
71992
71997
71998
71999
72067
72102
72115
72131
72145
72148
72150
72160
72173
72173
72181
72187
72191
72204
72205
72215
72217
72218
72227
72239
72254
72261
72276
72294
72301
72303
72343
72346
72358
72358
72364
72367
72375
72377
72377
72380
72399
72405
72408
72409
72413
72416
72417
72421
72436
72444
72450
72450
72468
72500
72522
72528
72572
72607
72621
72633
72634
72638
72647
72650
72654
72663
72665
72713
72745
72748
72778
72785
72788
72801
72803
72810
72826
72832
72843
72843
72847
72848
72860
72877
72879
72900
72901
72916
72918
72963
72986
72990
72992
73010
73017
73041
73046
73054
73057
73070
73072
73088
73108
73124
73132
73135
73157
73167
73176
73185
73185
73191
73201
73236
73240
73268
73273
73298
73305
73314
73371
73373
73403
73412
73440
73451
73464
73469
73472
73479
73483
73492
73495
73504
73506
73509
73516
73540
73541
73569
73573
73584
73586
73612
73618
73620
73647
73652
73673
73674
73678
73683
73709
73719
73721
73728
73751
73754
73795
73798
73805
73820
73833
73842
73865
73871
73876
73878
73894
73908
73927
73930
73931
73940
73943
73957
73965
73977
73986
73992
73995
74002
74035
74046
74049
74062
74074
74087
74094
74096
74100
74102
74108
74123
74125
74132
74164
74167
74215
74215
74218
74219
74227
74229
74238
74245
74279
74283
74290
74293
74295
74296
74308
74329
74335
74345
74359
74359
74370
74380
74393
74394
74402
74411
74439
74442
74450
74453
74460
74469
74470
74475
74480
74495
74505
74505
74511
74537
74550
74562
74572
74576
74587
74595
74603
74608
74614
74624
74635
74637
74659
74675
74682
74687
74693
74701
74707
74723
74732
74738
74752
74756
74757
74790
74800
74824
74853
74860
74864
74869
74871
74883
74888
74888
74895
74895
74912
74921
74942
74942
74950
74961
74969
75000
75001
75001
75020
75026
75027
75052
75053
75054
75063
75075
75085
75085
75091
75097
75105
75126
75133
75146
75150
75163
75172
75197
75197
75199
75226
75242
75250
75252
75270
75287
75288
75321
75326
75327
75329
75331
75333
75350
75350
75352
75353
75368
75376
75379
75395
75414
75414
75428
75429
75431
75442
75466
75481
75497
75501
75502
75517
75519
75521
75528
75535
75552
75572
75574
75574
75577
75579
75634
75641
75644
75649
75668
75677
75687
75693
75711
75718
75742
75758
75761
75766
75768
75768
75772
75793
75814
75819
75828
75840
75844
75846
75854
75871
75874
75879
75885
75891
75893
75901
75920
75933
75934
75947
75951
75955
75965
75968
75982
75995
76005
76022
76026
76027
76033
76034
76036
76050
76053
76082
76101
76103
76109
76112
76121
76127
76133
76142
76142
76155
76166
76170
76177
76192
76194
76199
76201
76207
76214
76227
76230
76231
76252
76276
76278
76290
76304
76309
76322
76322
76326
76335
76337
76370
76370
76372
76381
76390
76394
76395
76404
76407
76425
76437
76461
76498
76515
76527
76553
76556
76568
76569
76570
76619
76632
76633
76642
76645
76657
76662
76676
76679
76688
76695
76706
76711
76716
76720
76725
76734
76753
76754
76754
76759
76764
76772
76781
76782
76783
76814
76822
76836
76839
76848
76876
76880
76884
76889
76893
76893
76900
76910
76913
76931
76958
76959
76975
76979
77023
77060
77082
77098
77101
77103
77123
77123
77127
77130
77141
77181
77192
77217
77221
77221
77259
77261
77271
77274
77279
77280
77281
77305
77311
77316
77335
77339
77340
77358
77378
77380
77390
77398
77404
77409
77409
77415
77422
77440
77443
77480
77483
77483
77512
77531
77541
77547
77556
77565
77565
77569
77576
77587
77600
77612
77620
77656
77674
77682
77690
77695
77712
77720
77723
77729
77733
77734
77735
77750
77769
77779
77782
77819
77840
77846
77857
77859
77861
77873
77875
77893
77906
77907
77922
77926
77946
77961
77966
77974
77991
78010
78013
78019
78028
78030
78035
78036
78057
78060
78060
78061
78065
78066
78095
78099
78101
78108
78114
78120
78127
78129
78147
78158
78160
78164
78173
78179
78183
78188
78197
78222
78224
78224
78230
78235
78264
78280
78284
78289
78300
78313
78316
78342
78342
78347
78349
78352
78404
78406
78437
78443
78454
78457
78459
78468
78470
78477
78498
78506
78511
78519
78525
78530
78533
78534
78536
78548
78561
78565
78567
78586
78594
78606
78615
78637
78675
78683
78688
78723
78748
78762
78780
78784
78785
78792
78793
78811
78829
78829
78835
78838
78853
78871
78876
78877
78893
78917
78921
78929
78936
78948
78949
78959
78980
78987
78996
79002
79014
79031
79048
79069
79079
79089
79089
79097
79104
79105
79105
79134
79137
79146
79152
79153
79154
79161
79174
79180
79184
79190
79194
79202
79211
79235
79236
79242
79260
79262
79276
79276
79327
79328
79336
79346
79354
79355
79356
79359
79370
79380
79393
79399
79402
79404
79418
79424
79431
79431
79436
79439
79447
79474
79483
79505
79520
79527
79530
79533
79542
79562
79564
79569
79591
79601
79605
79623
79624
79628
79629
79644
79646
79684
79695
79700
79714
79723
79731
79740
79747
79758
79769
79775
79812
79826
79843
79850
79857
79860
79872
79874
79885
79887
79889
79918
79921
79941
79950
79955
79956
79956
79960
80003
80010
80040
80045
80050
80060
80063
80065
80070
80095
80136
80153
80177
80185
80188
80188
80191
80202
80207
80228
80252
80263
80263
80284
80303
80312
80327
80347
80353
80354
80358
80365
80366
80372
80388
80395
80414
80415
80415
80420
80424
80440
80444
80448
80454
80468
80469
80469
80478
80485
80488
80500
80502
80506
80507
80520
80535
80543
80566
80589
80590
80594
80596
80596
80610
80610
80611
80619
80640
80656
80686
80698
80704
80716
80737
80739
80741
80742
80750
80752
80772
80783
80794
80797
80798
80798
80809
80809
80815
80821
80821
80823
80826
80827
80844
80848
80868
80868
80874
80882
80883
80886
80889
80905
80906
80907
80928
80937
80949
80957
80961
80965
80995
81025
81028
81034
81034
81042
81064
81072
81090
81124
81126
81151
81170
81184
81186
81190
81192
81200
81210
81222
81226
81246
81251
81264
81265
81282
81290
81308
81313
81319
81321
81324
81324
81325
81339
81356
81389
81390
81395
81401
81405
81415
81427
81431
81460
81475
81478
81502
81524
81542
81559
81567
81569
81576
81588
81592
81594
81613
81614
81615
81617
81628
81644
81645
81652
81656
81667
81690
81705
81722
81743
81744
81750
81757
81761
81766
81776
81779
81780
81802
81804
81818
81838
81863
81868
81871
81904
81905
81906
81910
81917
81936
81946
81964
81966
81968
81972
81975
81999
82018
82020
82030
82032
82036
82039
82045
82045
82046
82047
82050
82053
82055
82058
82064
82069
82078
82080
82092
82093
82105
82119
82138
82152
82157
82157
82160
82166
82173
82192
82194
82212
82216
82221
82222
82228
82235
82245
82259
82260
82275
82286
82290
82291
82297
82303
82304
82307
82310
82311
82312
82317
82320
82322
82326
82332
82339
82345
82354
82355
82364
82385
82390
82398
82408
82408
82419
82431
82441
82470
82510
82510
82543
82547
82565
82570
82572
82573
82582
82587
82609
82609
82611
82614
82619
82622
82623
82629
82631
82652
82654
82654
82721
82724
82727
82733
82737
82741
82755
82775
82786
82787
82790
82820
82833
82845
82874
82874
82893
82897
82899
82899
82941
82944
82962
82975
82980
82985
82991
83007
83008
83016
83018
83023
83038
83055
83055
83102
83105
83118
83140
83148
83191
83195
83201
83212
83223
83230
83237
83255
83265
83272
83285
83303
83305
83313
83338
83342
83359
83368
83369
83383
83396
83408
83417
83443
83445
83455
83487
83496
83502
83520
83531
83532
83545
83547
83557
83574
83611
83618
83619
83629
83637
83640
83648
83651
83662
83676
83695
83708
83708
83711
83747
83769
83778
83782
83784
83794
83801
83802
83802
83814
83817
83821
83826
83827
83829
83842
83843
83844
83844
83846
83855
83862
83865
83870
83892
83898
83905
83914
83914
83916
83933
83933
83935
83942
83944
83974
83979
83997
84019
84024
84061
84062
84063
84069
84074
84080
84103
84132
84141
84142
84144
84151
84172
84173
84182
84205
84212
84221
84237
84243
84247
84253
84259
84266
84276
84282
84285
84308
84309
84312
84317
84325
84338
84340
84388
84390
84390
84411
84412
84420
84426
84427
84429
84442
84460
84465
84474
84501
84516
84517
84527
84532
84550
84562
84566
84574
84574
84577
84578
84585
84595
84598
84614
84625
84625
84638
84647
84653
84657
84661
84698
84708
84713
84717
84720
84727
84740
84758
84766
84774
84779
84826
84833
84838
84850
84851
84852
84862
84864
84883
84886
84890
84905
84912
84912
84928
84930
84930
84935
84935
84939
84943
84949
84949
84957
84963
84975
84998
85004
85005
85006
85007
85011
85039
85041
85062
85065
85072
85074
85077
85085
85104
85106
85112
85121
85130
85131
85156
85161
85174
85185
85185
85186
85189
85189
85191
85191
85196
85207
85213
85220
85240
85264
85280
85293
85298
85301
85303
85305
85308
85372
85380
85388
85395
85401
85431
85440
85441
85442
85474
85490
85495
85497
85500
85521
85529
85538
85540
85580
85582
85611
85612
85612
85624
85645
85651
85663
85673
85710
85717
85724
85724
85730
85735
85735
85784
85814
85821
85829
85834
85849
85854
85860
85868
85885
85894
85899
85900
85903
85907
85908
85910
85923
85928
85938
85949
85961
85979
85981
85989
85991
86017
86022
86040
86045
86046
86048
86059
86090
86096
86108
86110
86110
86119
86123
86124
86134
86137
86144
86159
86164
86164
86166
86182
86183
86187
86192
86193
86205
86208
86210
86239
86247
86268
86291
86300
86302
86315
86325
86330
86337
86340
86357
86361
86363
86364
86372
86409
86412
86418
86419
86440
86445
86449
86481
86498
86499
86540
86551
86553
86584
86608
86631
86670
86686
86695
86701
86705
86710
86725
86732
86734
86741
86745
86747
86750
86754
86778
86792
86794
86798
86798
86799
86813
86815
86829
86836
86858
86885
86889
86889
86891
86912
86925
86939
86974
86978
86979
86987
87024
87031
87039
87045
87048
87070
87070
87088
87091
87098
87104
87116
87127
87130
87143
87143
87146
87154
87156
87158
87206
87218
87219
87222
87265
87270
87270
87270
87274
87284
87287
87320
87335
87340
87343
87351
87375
87391
87414
87418
87419
87427
87435
87437
87438
87447
87460
87461
87475
87476
87504
87511
87522
87530
87533
87545
87581
87587
87598
87601
87625
87628
87638
87642
87647
87684
87693
87694
87707
87720
87733
87738
87745
87768
87770
87780
87790
87797
87810
87823
87830
87853
87854
87866
87875
87876
87879
87884
87906
87907
87907
87908
87935
87939
87950
87967
87967
87991
87991
88049
88051
88060
88073
88106
88114
88115
88130
88147
88159
88163
88168
88178
88178
88199
88214
88229
88261
88265
88269
88270
88277
88332
88346
88360
88368
88369
88371
88380
88393
88399
88433
88436
88439
88447
88450
88453
88467
88513
88513
88519
88526
88527
88557
88571
88595
88605
88606
88610
88628
88651
88651
88664
88668
88675
88685
88687
88690
88699
88701
88707
88725
88734
88737
88743
88748
88750
88773
88779
88827
88829
88840
88849
88849
88850
88877
88878
88906
88907
88932
88952
88957
88959
88973
88974
88978
88990
89002
89018
89022
89033
89044
89062
89063
89074
89080
89091
89121
89130
89132
89133
89136
89154
89157
89159
89172
89174
89175
89205
89222
89257
89258
89262
89262
89262
89264
89282
89294
89309
89317
89325
89331
89340
89347
89349
89374
89419
89422
89430
89435
89445
89447
89448
89458
89461
89464
89467
89485
89500
89517
89560
89574
89574
89589
89603
89614
89631
89636
89637
89641
89645
89663
89674
89682
89698
89699
89709
89714
89718
89723
89723
89727
89738
89745
89752
89760
89770
89774
89783
89793
89800
89800
89804
89835
89842
89854
89866
89896
89903
89913
89928
89928
89930
89940
89944
89944
89966
89973
89974
89976
89985
90001
90014
90016
90038
90081
90118
90119
90152
90160
90180
90187
90193
90214
90252
90259
90264
90293
90297
90305
90306
90310
90328
90343
90346
90358
90364
90371
90377
90393
90394
90443
90452
90474
90490
90525
90533
90533
90535
90545
90550
90557
90585
90586
90592
90592
90607
90609
90621
90628
90630
90651
90655
90669
90685
90687
90690
90693
90716
90720
90723
90729
90739
90750
90750
90752
90752
90754
90764
90766
90770
90776
90808
90816
90816
90819
90821
90828
90829
90831
90837
90848
90850
90863
90883
90887
90891
90913
90914
90915
90925
90932
90935
90940
90957
90957
90987
90992
91002
91037
91075
91077
91082
91083
91093
91108
91109
91113
91116
91116
91125
91149
91161
91162
91177
91201
91231
91239
91247
91254
91258
91261
91267
91274
91280
91284
91295
91301
91304
91310
91312
91313
91326
91329
91332
91366
91366
91370
91381
91425
91428
91436
91442
91453
91469
91491
91507
91511
91545
91548
91562
91568
91579
91593
91597
91603
91603
91615
91618
91624
91626
91631
91632
91655
91668
91669
91669
91675
91686
91689
91710
91713
91717
91727
91727
91728
91732
91747
91749
91760
91772
91776
91778
91793
91822
91824
91835
91841
91843
91853
91856
91866
91873
91890
91892
91897
91904
91928
91929
91933
91946
91968
91971
91972
91986
91995
92026
92029
92029
92042
92063
92073
92094
92101
92104
92106
92119
92134
92139
92153
92161
92166
92187
92200
92201
92202
92211
92212
92234
92257
92259
92275
92275
92306
92308
92308
92335
92336
92340
92348
92348
92355
92370
92382
92415
92427
92439
92468
92471
92473
92490
92502
92503
92512
92514
92519
92566
92567
92593
92593
92620
92628
92654
92671
92687
92691
92697
92718
92728
92746
92765
92768
92768
92773
92783
92787
92799
92802
92813
92815
92824
92856
92864
92867
92877
92905
92911
92922
92924
92933
92934
92950
92951
92962
92963
92980
92987
93038
93048
93049
93050
93050
93056
93058
93075
93076
93079
93083
93088
93090
93091
93095
93098
93114
93116
93118
93120
93125
93129
93142
93181
93188
93198
93202
93216
93217
93219
93224
93237
93245
93265
93284
93293
93293
93296
93297
93300
93308
93319
93329
93331
93336
93353
93355
93357
93361
93365
93370
93377
93398
93404
93407
93419
93430
93436
93446
93447
93461
93514
93530
93531
93533
93552
93559
93561
93564
93580
93582
93608
93615
93615
93628
93630
93636
93638
93657
93664
93666
93668
93669
93682
93691
93700
93703
93722
93724
93746
93760
93768
93768
93778
93812
93818
93819
93835
93845
93853
93870
93870
93872
93894
93910
93918
93923
93937
93943
93963
93971
93979
93982
93989
93989
94000
94016
94035
94046
94058
94077
94087
94098
94110
94134
94140
94142
94149
94152
94181
94182
94195
94207
94210
94236
94244
94252
94258
94258
94264
94277
94280
94281
94288
94343
94348
94354
94361
94367
94367
94367
94368
94376
94386
94387
94410
94428
94430
94439
94459
94472
94500
94508
94510
94514
94515
94529
94551
94564
94570
94613
94614
94617
94632
94634
94644
94660
94662
94669
94674
94711
94716
94730
94730
94731
94732
94747
94751
94754
94788
94789
94794
94812
94824
94833
94848
94852
94863
94879
94887
94920
94928
94940
94949
94951
94956
94960
94974
94991
94997
95006
95036
95044
95056
95094
95100
95107
95113
95122
95123
95127
95128
95135
95143
95144
95199
95210
95211
95217
95252
95254
95257
95283
95293
95350
95350
95353
95363
95372
95382
95401
95434
95440
95454
95457
95467
95480
95506
95509
95509
95540
95545
95555
95571
95589
95599
95614
95615
95615
95643
95649
95680
95683
95685
95718
95729
95750
95754
95770
95780
95781
95793
95818
95832
95835
95842
95853
95869
95888
95891
95898
95912
95931
95933
95938
95951
95952
95952
95983
95991
95991
96002
96004
96018
96028
96037
96047
96058
96083
96091
96104
96106
96107
96108
96112
96127
96138
96145
96151
96169
96169
96172
96192
96193
96207
96223
96224
96231
96232
96254
96256
96256
96259
96260
96263
96290
96299
96314
96334
96355
96363
96383
96388
96392
96406
96420
96427
96432
96435
96459
96468
96481
96497
96498
96499
96505
96512
96517
96517
96519
96524
96527
96545
96545
96553
96554
96561
96576
96602
96613
96614
96639
96650
96662
96662
96665
96688
96717
96730
96732
96733
96752
96767
96769
96774
96811
96814
96827
96833
96836
96842
96859
96869
96874
96881
96886
96886
96892
96896
96897
96911
96917
96928
96938
96957
96969
96977
96981
96982
96992
97000
97015
97029
97035
97083
97115
97122
97137
97142
97149
97150
97154
97158
97174
97183
97195
97205
97206
97235
97238
97240
97247
97267
97273
97283
97310
97341
97369
97370
97385
97386
97388
97401
97403
97413
97425
97444
97458
97464
97469
97471
97505
97538
97549
97564
97564
97566
97569
97638
97641
97647
97650
97653
97658
97671
97676
97676
97682
97689
97746
97749
97753
97763
97776
97781
97783
97801
97818
97818
97846
97864
97875
97897
97926
97928
97958
97958
97959
97970
97979
97996
98000
98002
98005
98017
98024
98033
98035
98037
98041
98047
98064
98089
98105
98106
98110
98113
98125
98134
98139
98144
98146
98155
98159
98159
98171
98172
98175
98175
98179
98190
98200
98231
98239
98290
98315
98319
98324
98327
98356
98373
98375
98383
98384
98390
98404
98406
98411
98421
98421
98449
98461
98469
98487
98488
98489
98514
98521
98528
98535
98555
98584
98600
98636
98647
98654
98658
98670
98680
98691
98694
98702
98720
98732
98741
98744
98765
98795
98801
98804
98814
98815
98816
98829
98841
98856
98869
98874
98878
98881
98883
98883
98888
98888
98893
98903
98911
98915
98930
98959
98969
98972
98978
98994
98998
99013
99031
99034
99045
99076
99077
99092
99093
99143
99173
99181
99195
99212
99213
99221
99224
99225
99249
99268
99272
99274
99283
99320
99329
99348
99358
99361
99374
99384
99415
99415
99416
99419
99428
99429
99432
99435
99435
99467
99471
99472
99477
99498
99514
99518
99519
99522
99533
99539
99547
99563
99567
99570
99571
99577
99582
99593
99595
99601
99613
99614
99645
99657
99657
99664
99675
99691
99695
99723
99725
99727
99752
99753
99754
99777
99778
99784
99791
99804
99816
99818
99820
99851
99856
99862
99871
99894
99901
99916
99919
99927
99929
99931
99933
99951
99957
99977
99997
