3357
47705
25681
12818
16343
24156
42031
42839
48174
60872
29350
19931
95108
21653
20632
26621
11233
29590
27930
35986
27248
4610
11363
43483
65264
48532
53842
82671
40237
44146
17897
43593
8203
43577
72762
24545
84084
14793
67383
32258
75664
13085
52188
87124
51089
72819
30096
78674
18761
58025
14659
62360
78987
26021
22194
44250
90904
76036
43273
31141
36533
61169
91085
44735
21098
63847
85632
5181
94991
69366
53790
87006
82450
5978
90481
33539
95148
20576
28564
13908
94953
43222
92619
73939
85594
14813
34540
76498
90848
77812
23990
43732
55333
15074
88467
92782
95272
90450
14314
6614
59815
68104
93620
42265
74081
84100
92155
85580
21028
20718
99488
32332
80291
92106
22622
65884
23270
57161
42381
14117
51325
82722
74201
23009
14148
79019
15790
25771
69468
30103
32385
29282
14558
42356
87898
4990
42807
96404
90570
63834
17121
90057
12517
13763
98514
35138
79647
21784
92299
38379
52252
59975
21101
26452
82983
35248
5470
98772
61018
91289
45226
9754
20571
76136
52109
24820
81125
94916
21224
71694
75101
54696
61750
87618
68459
76616
39107
48105
14751
47757
2835
67002
7731
23935
9806
90713
75534
15275
5836
52904
22916
67414
62657
43486
43549
31118
68305
24673
26033
5880
96367
17485
60576
74468
21454
29034
51083
60561
93490
82185
8317
96324
49187
32400
20259
58992
23112
12144
90618
45300
65047
13533
12713
27704
73370
56261
75173
58027
97285
1205
63906
93651
35041
24481
84471
72847
69866
51905
33407
63355
34090
58075
59679
83276
90474
79937
58619
29938
8432
65588
91589
73479
95473
20653
17534
68842
76913
92706
43220
90549
10262
23478
84200
45302
64310
85022
18148
34176
36926
67906
97530
71015
42333
73560
70642
49158
69848
45612
95447
78280
11200
87035
51758
6672
7687
69291
91865
951
78348
51437
91500
88609
74914
92051
50262
39223
77072
84762
89750
13997
52667
87280
1364
94999
77191
72005
60509
47039
17617
55955
25318
45168
42990
77075
68191
67028
62717
76407
67979
57416
27843
59478
46024
19108
67880
96285
58331
44951
81046
48080
75299
50065
51711
93014
61415
45254
65019
21923
92292
98987
77878
17609
44154
37219
11035
12344
4246
90103
88750
72224
47518
16593
48053
9893
35700
32284
6177
10382
93586
3575
74814
68885
69991
42876
61898
31405
88129
43268
69680
80420
42254
47557
14380
86407
1127
25414
15102
21724
31868
3852
10300
79385
36796
58352
89277
88847
6988
11806
15581
573
31732
90394
85809
1722
33269
64059
33126
37750
7326
2805
34521
65932
66713
48901
68690
84191
90666
83792
5915
22534
3995
16214
18270
57142
90917
23899
45988
97904
52056
61568
14829
83787
68313
637
85508
17934
64695
34985
55683
88373
54142
90203
70656
37206
39103
39345
21397
46121
39488
43663
68654
59834
59876
3275
16975
67144
43525
79315
65048
95580
57234
96228
95718
25547
96864
97577
43480
77911
32562
99162
66283
3055
5716
53290
40260
61171
8986
78008
7291
48474
38022
92296
24659
14249
11922
57986
81393
55447
37300
62792
51026
94533
59019
46744
20079
55882
44320
79910
50144
93233
79071
32778
96287
1139
86067
52899
62309
95053
47258
85951
59878
85280
78246
84536
99528
90167
58873
97272
45613
96172
60063
12991
7057
35433
76086
27135
7667
20405
7045
57810
29990
2467
90588
42628
19957
93006
95526
82265
88058
59136
68215
64287
60767
62812
48823
76646
69331
24047
73918
31295
20219
50332
44285
27275
2117
20370
70761
9783
57127
94157
67592
87116
12976
74531
29743
32932
83889
41621
31549
71946
17108
16115
36233
77874
78927
1407
54519
64609
25453
44788
95903
62023
11472
40188
5649
13588
76909
76410
23370
50387
86918
7313
37502
99893
98196
83597
49177
82084
41569
80725
70381
58676
96839
22965
52901
92117
40723
23771
56725
82528
68559
52628
44550
80030
9167
50199
9969
86075
42960
33338
52814
29877
57002
90315
46122
71549
90263
95298
53632
48183
92374
24013
6858
89212
63329
76110
81329
4052
99881
54405
86579
68439
7032
31128
64820
16198
97678
74788
18625
40637
24477
71438
86866
97830
78104
49339
69379
84719
44636
39362
32901
37009
79726
56111
42572
43055
32220
40252
47106
32100
94657
33684
16890
1688
81163
81709
34238
78841
72848
69214
35829
13676
40651
39046
27858
35106
88384
97236
19824
49371
52949
69077
2731
32675
41539
45303
75729
73758
85554
39186
22210
80210
89221
39099
98250
70383
37160
48839
65575
26359
18052
1404
56387
75054
56801
84244
10159
45185
97831
46335
10907
50779
31763
13638
83453
73301
75292
75533
63410
60845
31070
85619
57407
20290
41070
72008
90673
78229
20846
56247
20939
38897
74002
77325
13950
47155
61568
40460
8691
59398
86794
19597
26529
18556
49586
26333
8208
24877
1866
71618
2074
32935
73588
59480
53225
14657
47839
60249
92885
68684
32847
30176
23932
23201
7500
37881
70355
69068
78340
79045
44817
81486
14993
71345
16393
64579
14030
24601
89455
15895
96218
91528
65181
69805
67359
34757
814
15197
95005
10050
232
27852
40225
24163
67404
47725
62043
37758
33144
56735
33154
94312
38220
48146
82009
54612
12724
96038
95564
18531
28284
91781
26410
93464
77938
93769
28221
78751
25317
39577
5152
25549
83780
45377
49711
51183
93101
28106
5292
42596
84840
38445
36907
39411
86591
35267
94022
15666
31304
5938
50548
59587
97718
76958
69403
92007
87078
13975
87109
12394
53551
92261
37942
53683
37637
4005
21217
47089
32110
26509
6036
33301
64953
59294
72711
67895
94561
83084
99913
42216
89021
50460
18155
3091
43769
87557
95097
30846
17883
98558
43240
71433
7170
97533
41467
61158
1537
62684
24598
33646
89192
30633
66946
70496
89926
56008
54743
838
39092
54655
59406
28112
21466
77560
31202
65235
81468
42651
96080
99350
57560
39319
87134
64729
53204
28601
25886
54740
91284
50483
4738
96827
97467
88035
67322
3744
44043
22064
4582
83134
93070
63987
27597
14536
57898
75151
79770
39365
34153
92201
38714
91712
47872
25847
72792
1075
54447
98677
55814
62082
65511
76903
58908
62977
64938
42582
83072
8980
80997
4005
8465
74067
67991
36061
4954
42240
11211
84723
81604
45363
93275
20317
53426
41146
62516
26217
42220
16962
24893
14386
95396
6755
91288
70655
86083
72577
13236
69155
81556
10585
73159
90020
1003
57502
42433
5956
99741
53643
90678
97697
15358
304
18013
68783
41450
80528
95000
21
13842
36244
30758
25589
42999
38398
96243
45433
10974
25831
14587
8882
36415
4098
98901
37417
61599
41333
43372
77691
11328
50401
75387
43037
50704
9752
11819
8505
6631
6818
8526
36824
59414
39283
62412
2412
94032
58655
47844
5006
84485
78783
13887
37251
82880
29139
91019
60830
86824
34390
54872
98151
1142
30259
57539
68197
56362
69357
76702
62992
92527
1579
99816
51940
57213
62227
70703
51245
37233
18546
72602
21717
13680
86488
75319
96559
15626
66337
73740
2449
17078
28612
16951
34571
75222
90841
2768
31583
60198
95821
94574
52724
13751
10741
21015
70963
89320
91717
38559
26552
26614
11160
64621
40294
97647
39939
36852
29625
6276
26944
48425
39705
55555
81728
74276
30776
72568
93395
78710
49117
5567
89635
18192
19317
376
39206
6631
89695
30922
45190
32598
57536
56349
97218
97829
70348
37157
51032
16324
59784
77975
81100
99488
49881
62827
90115
97008
51747
83509
75717
863
89075
65352
19055
24743
82079
74612
31374
88125
5534
76563
20722
79421
49263
34292
93601
35962
71448
60984
68637
47583
38959
49737
47070
5191
28915
53537
2199
80661
53397
94267
97876
58824
75970
33282
83566
74400
7893
14939
62524
29778
7853
99598
25550
73468
33889
19150
9429
21688
80134
94418
69270
35444
44154
32691
40634
73068
86227
59184
70081
39624
53451
84308
14799
45772
33941
98364
20172
41833
29655
99047
87963
53859
14996
13512
27326
48884
49014
53107
86923
29147
47524
56192
80942
91677
88883
21575
81096
91461
97111
67528
47436
66913
68187
62234
12684
2127
76950
32855
60312
22956
48254
64626
76814
63249
78137
4140
28485
27150
57246
15407
72648
21121
71599
53589
12797
76833
91516
10244
84645
88626
94124
32081
71890
62310
10666
84573
80789
3967
33780
57452
26922
82033
22077
3736
45281
16565
24227
73765
60067
81472
5524
32714
2592
77122
2655
31740
70306
10522
58335
71302
15499
52458
3382
87388
31120
30400
88312
28260
34366
22091
85711
77640
20475
7787
81375
65756
40703
5601
55872
769
3424
61395
33483
22367
54868
52489
54106
41525
63010
28792
12827
78508
97602
32560
82247
45073
79311
70558
73332
30029
92649
75394
7668
29475
99532
5394
95230
40234
10994
67454
41003
30769
45200
90837
53135
16420
43325
23592
74296
22686
52383
87122
17545
66336
36034
99791
11408
15344
86700
1091
45372
95700
76484
69391
25175
76015
74784
36756
16249
85777
4209
73603
32897
65761
64439
86031
82180
24115
9622
56475
63152
78357
59949
80696
44692
95982
96838
72452
27677
99889
73542
89401
95589
50026
58791
20763
42392
49927
57518
74992
52055
78079
48594
84952
43839
29384
70982
42370
69850
96956
15196
33001
91664
75144
30048
36355
87477
26885
8806
31506
26774
98700
37258
38714
48725
12400
59476
91116
62326
33345
82460
14381
11423
31053
99332
71613
76789
86665
13982
46638
99972
45530
79639
91635
20673
9686
44342
24502
52923
69499
72359
96048
68198
9616
34761
16922
38367
10588
24390
693
43932
6849
31425
55355
54253
47108
26967
31041
33772
57301
94031
50096
2830
73669
41730
39854
99706
2423
80707
52628
71922
53065
65027
40119
79032
16139
73393
17399
26726
14134
34443
70658
37334
65867
42364
7938
12974
69330
55331
63097
42982
49361
13192
45811
23029
71274
85665
39086
73696
82723
8066
61969
52140
73092
2088
31171
89231
91832
64921
32308
22317
15715
19317
59650
81581
61680
67587
10906
47362
22917
90355
90343
72277
19898
52506
11657
7523
54522
50743
81219
37244
58808
59539
89383
48251
77978
36906
53833
69809
18178
86141
92125
33893
21809
68126
15473
83489
35713
42731
47202
74981
33085
37544
63610
69334
6401
91618
76857
60922
58712
74427
98166
33871
33965
3900
82122
11943
40805
52306
98103
58983
54798
90228
9227
76607
74705
24699
76447
26769
83781
23648
1750
33217
61191
81711
2551
67592
89680
79407
44865
48392
53833
43030
82262
87797
63282
80735
16091
4086
49393
14194
79420
4190
20773
88646
80796
95477
29697
57242
22246
29829
97241
40347
63046
58432
38409
65596
42375
28088
61354
87239
76479
15186
46621
75093
19334
26254
55827
35425
46691
5219
65970
26111
25761
86742
31108
22908
82218
77156
80150
20815
6985
93742
61161
86382
52173
99569
68329
10899
44009
29682
14490
20487
61219
77462
95579
96904
3715
67758
32328
50405
89328
98297
92867
15088
1390
23975
37996
83608
17482
34497
20774
40818
28238
81935
27199
96763
97855
95527
7661
41863
41560
22150
78702
19130
15963
90632
16034
19677
58389
64713
70082
47717
79362
62948
62804
80751
3274
799
80710
37108
35295
1484
77925
63533
99770
5124
60295
13976
17002
84307
72191
74914
22809
50892
94043
38771
41523
26428
58448
16264
91141
44881
63980
86854
24180
26783
83956
43806
43934
64666
80913
95580
82501
58837
75464
82270
80312
52110
12597
13666
36417
84787
4931
75577
52030
98973
14347
9905
41753
89146
26168
49245
50378
90147
36098
74558
33281
20053
34715
93566
1070
15627
89146
83570
90815
80961
82191
87479
33071
94788
1144
85839
79574
22426
61415
47956
37750
92113
57860
79502
97611
84027
28746
47988
74173
81195
38897
23805
17600
73611
17371
18669
5589
22868
18591
12756
3828
781
234
36898
95568
17729
39088
91494
40154
502
39449
77903
8967
13660
57405
6577
97686
2502
70916
88210
49
9813
12014
34000
99775
45736
52668
5364
84955
87610
18119
88783
88391
34704
42032
310
52432
81120
8155
8937
97973
63955
86839
23291
77614
60595
29867
75299
79449
17135
79860
79497
43299
8226
13496
43073
53961
82515
64788
55268
86477
99258
44050
74867
33961
2433
91528
2744
99904
16035
11680
14229
79989
98519
37519
57603
75465
83738
49253
54913
872
29113
50761
44170
37338
80608
87242
7650
79475
68382
62917
65951
67639
23318
57169
1600
25751
48696
4343
25654
81082
32375
39882
61071
47245
93753
35025
22709
77490
84277
93974
78361
29741
61086
22530
67078
41694
26123
91080
21168
94504
53996
3470
62143
77314
60638
80094
19416
25685
788
61421
6767
33162
17655
67837
96758
11407
2861
19467
88896
3489
29792
67256
33230
90877
6137
16659
48922
32259
7738
70089
43115
61734
73558
21609
55399
50547
18054
74814
76232
18841
36234
82998
68355
53888
67186
81464
65294
86398
17282
70541
89886
47073
37796
39467
54302
60284
56126
3223
8895
63863
73312
52009
25596
63221
89969
97346
30120
8022
88511
6351
43214
41097
5700
27920
11336
72885
9384
92982
75634
26665
63522
65519
90090
1318
4986
44391
77953
77463
47613
86847
41325
37276
38855
83273
16849
45175
80618
46968
53196
85481
53318
12762
26577
75369
40681
37912
64605
66416
30893
40238
93081
94415
22108
99522
12084
43445
43912
90036
20907
7876
76883
78584
45152
32089
61856
78352
77264
58825
25319
46811
44305
94988
59572
70881
70356
16605
8793
51312
83020
39685
91549
92452
50451
30008
91973
62534
89805
52236
68922
10711
60112
45804
89294
21615
77892
67501
16318
71507
26326
41636
18318
70630
52975
94241
57863
39682
10845
66655
90993
10217
22691
98893
2668
89494
45252
10993
52027
35056
79580
37300
62119
56043
83103
67764
94009
77347
35265
10326
48853
61590
68313
83522
48571
21287
77763
22785
60968
4959
5791
68312
15175
28482
67204
34195
34327
12456
61539
2705
63863
41118
40005
25981
13513
23107
93745
7521
16805
29009
17847
65658
6950
86159
65531
71872
7446
59645
94657
84765
64604
447
53077
96130
45280
36632
30324
79606
65439
91862
82311
29302
49332
22315
55282
62844
61773
49026
70364
78578
94386
4562
60587
17687
90721
42469
89559
14518
2114
567
15634
66717
1013
85062
62846
62645
21694
9522
58602
87132
17735
40912
32785
67066
79578
88067
46261
57703
53444
32977
52632
47830
37538
29570
81868
44610
72038
71426
75479
90503
88344
7465
73571
5709
92526
52769
68353
14219
62290
26954
17703
80024
84218
50487
63442
80147
54905
26054
37849
8349
59030
6832
72530
12920
36401
54397
73881
24791
42175
65712
15293
30518
73176
88864
36226
65701
41632
20930
96272
20273
47884
13974
16648
48453
80812
96441
28599
35717
22495
82800
60417
97876
89631
32946
27147
42384
3694
1028
83526
45868
66739
98818
92738
39914
4033
28963
21966
62016
66245
18237
82288
14128
32210
15288
78932
29374
11728
7530
65090
34222
6681
25506
48450
96312
74803
75596
55047
78496
76623
38572
40716
59713
53741
49805
15978
57774
78767
37944
19789
45011
56180
18429
75490
4742
33716
54421
34115
45443
78303
15556
96017
84983
57413
44466
97646
48567
36413
52692
43414
29388
7615
84129
89100
61356
33933
5078
35481
29052
59373
55269
90414
15552
90049
82256
36645
40116
53028
87111
1911
31330
19018
14279
32665
76430
75096
30310
41348
11508
99354
84762
40895
6968
85242
29995
84675
35527
51424
20155
64578
10796
75424
71343
42699
81824
69950
95696
21940
22978
82806
40202
70659
1824
54480
3323
94605
29575
49985
35953
57434
49338
37066
98329
72657
22307
44675
57332
57833
12450
77486
38762
23245
69261
10105
82295
51085
96406
77990
89376
19383
77148
45929
6394
95323
408
26068
6279
46334
76052
58583
3767
25389
95648
18447
14398
17955
63121
71729
75787
75570
49214
14549
15166
18475
41005
13813
85911
37410
91802
91638
73145
85301
37566
95890
96975
54325
21957
3254
658
98009
61836
20776
39749
57484
39223
54146
91790
2343
42226
67576
94265
91440
98476
9430
26266
55832
39594
28528
9594
47748
36517
99090
33048
74082
94979
30023
44758
16935
49628
61767
31295
11463
82542
71044
85298
21764
41541
77087
40459
83767
61015
51075
91558
75842
76856
17823
31674
16450
62702
41267
64197
99218
40356
97244
89651
51686
43618
34408
68620
93245
96174
16267
21060
95067
3662
6357
33183
45202
99796
89993
28968
77162
41067
20525
53003
17922
54699
84676
34371
17400
42294
98567
32969
82649
12163
22619
50686
72132
73378
35658
81729
69551
51924
2788
80970
55585
25496
14152
786
25291
4144
46106
2452
45210
82982
55455
79483
37681
56482
13854
71432
98776
28772
20753
97776
57286
43371
48462
29418
16749
84119
11146
2651
52394
30285
83620
7978
55780
14123
25115
97423
18266
71220
16226
79827
70554
88032
59310
24586
44514
89515
96017
43289
34638
33121
57416
91924
76492
5877
37693
9592
6347
65190
12242
58740
11826
12214
66717
67605
26336
8184
81379
60954
95755
97605
57132
66308
85636
16441
90893
46501
22307
3262
6141
56945
36382
63557
65220
29225
85785
19264
38816
92132
805
67410
50871
12630
79623
33940
96586
22310
42123
77965
99615
37877
91921
56747
20537
77556
73187
11429
40409
11846
14690
46549
68790
67424
10105
50361
96648
95890
69624
35464
4373
70428
19225
55243
99409
15199
5534
95994
37508
64008
73958
37123
1885
65878
10221
38773
59786
99759
50201
194
11604
81243
63094
96745
48666
73199
47105
61665
85440
33080
13480
89812
19859
32704
61406
19267
47902
83292
15261
1762
47299
5570
38884
65535
87800
65456
4307
63937
65214
54508
80482
76818
52102
43575
73562
767
33125
20667
78783
34916
53746
92263
41079
73605
24966
2485
9223
89220
85776
40835
90981
49426
46405
46216
14961
50556
11671
19267
30844
76884
90126
11325
53701
42227
71251
27263
59345
4376
64281
38128
39291
34378
46742
80370
24334
88059
99206
33557
77278
1333
74391
68258
50758
37147
14473
82070
4054
42495
1337
34897
19379
7814
62573
73079
66393
33824
16693
25737
38199
97325
80216
93841
31703
26957
90562
56036
31368
6119
5944
8645
7451
80335
93255
74561
33833
24079
56630
37887
66574
74318
72783
85952
82132
51708
75382
48524
85531
8427
90612
40081
5751
87180
33921
53805
30488
40835
26193
61855
46953
32136
86852
70756
28822
80106
45316
62655
4184
1945
541
87109
92615
89675
73060
91098
41382
64794
55973
26912
73220
46584
83344
95322
33763
33617
65479
80603
74451
91671
42457
37755
23806
29308
8510
52628
25765
53825
31634
29949
72122
32174
17057
81088
38200
6469
72185
95934
87614
28157
39197
77185
91092
22541
72506
41207
56157
54336
21809
46959
46006
80617
84713
86164
9925
9575
55143
35689
79751
86776
81989
68224
35301
15398
49311
89852
38218
37847
85785
25831
66003
24982
3015
73447
47522
91872
14653
20030
46208
52813
83340
92213
33429
68052
94728
43353
93978
49870
95394
73729
52997
77382
41952
88297
9131
7615
94501
47348
45461
80285
73178
11464
5266
92544
1262
69139
84416
15914
5520
30623
68726
88859
39187
2154
73263
33915
61859
67240
136
57252
40968
53133
50985
99272
57781
76468
6886
52281
23815
52346
48918
13345
80161
70535
5888
81422
39674
90303
13687
61545
37277
98764
50404
92816
17270
40018
43082
79128
7257
43217
52731
64577
12701
20067
63848
86834
96534
87085
55466
36701
39430
4383
50045
35943
91270
55932
17364
47295
62587
47403
8839
16215
46166
75594
9030
63435
15611
52111
58914
22868
95328
11644
3796
24380
48063
67643
27565
44596
54727
83031
81296
10508
3765
47692
46450
95034
3624
80166
42328
82562
43920
67519
98776
90085
43112
7806
69872
58723
76268
28785
97942
87947
56781
1737
12327
4843
85731
39891
65790
40457
39273
63438
67316
43038
11129
13766
54423
31104
10283
96751
13665
54202
64269
28793
60638
23732
52950
30509
82454
29217
75646
80395
17164
48778
98483
29490
69972
84213
85732
35761
41021
25005
15550
8337
84394
26679
38454
38816
57782
48736
51918
87799
2937
32538
32943
79926
72622
85892
10435
55075
15108
2432
51822
32271
67561
50304
78112
37532
50869
63844
89644
91889
5200
5194
16577
5945
48224
55030
44760
22357
20117
13030
26507
23053
61919
59449
2979
34540
45340
29765
5967
60448
48548
57788
9070
16108
24443
87182
53639
91663
67377
59634
83552
88928
81179
16480
94872
29402
71510
55983
68111
91626
85364
94617
31031
47283
54066
50361
98174
15757
96477
4140
92556
45024
78279
1626
77483
19074
5159
47473
10736
88887
7106
10639
77814
88285
27119
72685
34038
14980
45019
18500
22957
30383
13117
53987
77665
83534
20699
92190
99290
17175
96330
8198
78550
90960
26175
56032
10033
31333
3504
37121
36571
26962
64111
30736
31598
7581
19772
65635
22560
64790
84135
45517
95172
13603
15855
89188
97136
36554
81378
12777
70080
94059
20974
48630
85018
47148
21013
11403
94832
24517
48523
31402
51478
28985
62137
83075
36566
98260
65061
59125
63050
65547
20993
58221
95501
36848
47409
92636
89753
45138
21765
59832
39196
42738
8461
24213
6238
45826
51967
17421
70342
16841
48823
38171
45826
27311
37597
82391
25571
2657
57867
4972
84556
78860
63192
80056
15707
26952
89044
5459
88441
10808
81642
27636
69897
6455
68201
92486
52280
20167
9907
22621
37008
75081
77143
99185
18743
14739
81575
44313
17395
39441
49284
18302
34652
28828
98358
66710
72131
3753
72168
60572
30912
70162
88207
17160
76616
72759
9646
28895
9278
19552
67867
62637
10984
45009
61821
29726
59747
43395
90391
93493
99187
56026
11795
33839
84853
26504
548
73336
30256
89068
33907
77519
75581
38465
94678
52196
11224
4323
97442
36853
40226
65308
99489
51209
26668
61309
80935
86414
21055
87677
96258
20241
43702
24404
70431
28555
50907
87331
18242
97514
92750
52148
75032
68330
6964
86062
20525
34539
90384
17966
71391
46962
99625
70879
14522
26292
32187
11808
29057
53241
99484
25314
89834
43186
49718
76616
88092
16976
63946
6333
30842
56695
74832
22225
25024
81795
8286
45548
16334
15022
79865
87724
61983
79489
74955
76504
22132
23493
88312
51188
93086
87795
76502
82919
47332
42571
59534
35423
59546
23480
58107
90387
96526
32938
12612
21550
14733
37249
83449
47418
52270
79666
51493
14252
75506
26447
7108
97638
49940
95419
48825
43025
99565
41678
42295
46897
600
18180
98671
60146
58011
56778
66884
54537
89715
95847
92438
20799
33096
75886
68216
85365
55551
19709
99617
31057
62507
6724
45046
28798
18494
10222
88174
34410
51900
46820
97658
52499
65000
96329
28996
23010
69458
95880
93898
75524
8078
86335
96323
41173
62221
80890
26538
34123
16950
42506
81531
79457
49229
26576
24606
84074
36798
12780
18483
5049
59599
32493
73899
40950
28821
19247
63960
14630
31478
57857
90153
39555
60544
86475
80728
22764
67365
7265
73238
84314
49770
54769
80122
15350
97696
21080
15775
50845
33859
50609
55893
9809
83101
46144
50759
28273
81742
31070
42902
13219
5278
33055
52773
65821
35881
33500
4936
3245
57116
78174
3911
23237
49294
384
54938
46989
21463
70712
97834
71673
37673
70078
81482
20773
32573
48592
65398
14314
96013
8299
27532
1290
57705
96657
83463
93586
30156
88398
96830
3624
82923
17092
26860
32216
17476
98150
95557
55290
85213
9742
26963
22885
79819
24796
60010
28744
73387
25407
43057
69399
50057
86941
87040
7762
83597
86854
1347
30104
91604
14528
33727
74526
31620
76939
23094
65447
91440
35002
20736
76652
44743
64050
99537
40913
88845
59546
69656
62231
1304
29065
47981
51360
16005
51373
59121
15953
38226
60467
46056
29829
74995
96135
20707
22966
89425
43800
4764
80864
78801
25499
57515
39895
5901
73403
80807
94745
32948
50463
73328
50603
95879
37660
1963
11883
89032
61083
27835
27258
37902
90242
73438
29248
86376
94144
52213
92152
54295
56976
73015
33095
98826
46882
72989
4726
20284
70148
15823
69584
20610
89150
20186
16488
26809
38500
44722
32193
99583
88908
59450
37484
95501
49239
66731
81877
43383
35295
90380
97677
8622
79747
47124
23799
26628
36464
28525
63263
6611
60699
49198
43572
66200
85736
76411
93008
24235
37484
25200
23817
42743
1001
77652
38244
66592
60734
36472
9974
96028
26851
24002
4649
6597
87477
28448
49576
40293
73324
12839
63255
50374
62036
23179
16573
47771
99589
25932
72006
53425
51132
12174
96167
68484
6178
34410
35075
66911
87233
61400
79291
14084
1754
291
20680
89230
28738
70256
29522
18413
99446
9129
85138
61481
32307
1710
25604
48247
27642
13961
1671
95125
42486
14190
79960
48663
64951
15035
15574
52184
92786
94864
66267
94539
95154
3298
121
40244
89905
45994
75008
89350
55122
60146
67183
87428
78207
9138
35675
22200
23098
53697
17324
65583
67886
97284
14246
32837
28670
46171
85020
37807
57386
67638
48698
68891
70935
48818
25486
77192
11163
494
82893
66285
76991
66427
70064
71549
75564
22090
93749
15013
75787
11072
80596
60024
24707
11193
92860
69728
73715
94231
7535
31100
61868
56232
16342
49155
21401
41828
42698
32563
58673
25590
15199
52015
92017
85263
23563
83932
7352
17311
98945
99490
44735
79540
59514
85793
7084
68725
55521
80798
62956
79407
28249
41175
51990
44590
6681
73390
2769
49378
22304
61441
91320
37503
13455
99688
39117
37018
83619
62820
70680
82563
62310
31766
62102
38175
17559
85537
6899
89431
82686
69854
85189
27286
27381
37178
88228
34061
10567
90996
99791
32870
52437
91110
86724
82243
90797
25840
35612
74415
88660
22644
56978
67321
54409
35431
5495
88319
37320
12393
94101
20005
98599
79289
47291
25979
16466
51870
76391
43384
42865
76181
76254
11653
83642
79329
93896
74438
5169
29507
65205
93828
52150
38534
77500
22911
73964
82994
11229
11283
95386
21682
47640
10336
970
11282
52666
33788
63151
29057
77171
6015
21589
69776
34020
5231
49105
27915
96020
54273
73773
61224
64452
42275
99757
58303
65185
90073
41296
92765
17707
53033
30798
81698
63369
31768
92979
16034
65555
56129
45090
59077
78496
66679
28853
12515
88261
77957
56781
84280
48581
30553
45504
29384
89179
61612
87686
54363
68036
45333
63480
2095
98365
94277
83792
78085
42396
76771
94119
24302
49251
55560
83379
44098
38590
12231
56612
26850
6539
13392
27482
71471
60297
89337
17206
49475
67300
21243
20190
35336
66575
83669
53782
81291
94297
37573
59376
53045
30695
69846
77346
96298
41757
77076
40395
80347
89306
97007
23548
12196
26750
51029
18
87046
40365
33575
52873
7665
54817
73062
59352
37743
73082
13133
35386
83730
67057
11113
36774
97752
80958
14120
94049
39066
91195
50795
19412
96853
64153
59312
25400
90903
26692
41770
94300
83409
75344
47172
7425
46513
20233
66776
607
9666
96260
35992
93396
63316
63456
30169
77419
60765
60640
87819
99831
68187
38614
35594
81391
2766
94905
6790
93668
37949
64911
4320
21357
40255
51491
28781
3119
88076
95556
3725
97741
8167
56069
7488
71482
19524
37657
48901
80289
14648
36719
80119
82834
91684
15712
64224
94450
26969
87366
4469
64917
52276
8788
2625
8882
76631
31405
12000
81058
43312
32077
95150
51478
88145
2638
39311
7668
56646
4563
87956
71293
57634
84426
70479
49317
16490
51054
43766
59810
38419
64587
24726
7047
73374
43702
32280
66356
75106
44280
47413
18417
76356
58915
86246
80852
61552
25556
88519
34549
46471
92827
5841
4104
93604
76319
53420
10093
27373
13538
86254
82143
78124
27331
5541
51497
71032
37821
34205
46137
98452
81617
80905
91159
40531
67150
72010
18434
9058
76880
52982
55528
69706
75175
75983
79662
67845
29402
6106
11569
42939
92360
93712
21062
19690
15604
88911
90722
69776
23115
36858
68227
21083
34115
75737
61614
17616
47746
96399
43025
24626
49381
14904
10683
40907
90886
90344
8751
20288
96450
20320
63226
5161
14031
640
24850
45986
89550
15571
15762
12664
68781
83988
50098
2895
76077
28063
36862
23822
24462
79887
64799
90194
94790
91834
31100
85676
98529
39850
5963
11330
60169
85540
16490
90551
2531
41340
36537
92080
73262
52298
21095
42042
52637
71193
61288
28713
99255
98150
68887
23716
94388
50037
30261
89177
41870
61360
91204
56751
17562
13518
68080
77730
99058
922
84633
1588
58613
21169
10020
31874
89818
31114
90268
58806
18658
51555
3871
17913
66056
89109
57980
60443
39145
88241
65972
97367
65952
57175
54117
83513
70693
38548
77595
69750
39469
62227
87689
98081
99747
14060
29955
5916
45174
36574
81073
63831
88128
84943
98095
70536
90403
56075
30978
29548
60667
96949
43266
42970
54124
97382
26483
41168
35929
20429
27269
91750
82655
14957
6182
98753
29017
36136
4668
90542
89061
85740
70724
93541
87035
85171
64076
77437
57597
11405
23336
34615
24706
66601
77584
95181
80334
20418
36348
32615
40846
63616
40716
23500
94924
46897
38604
40292
99385
43271
30833
88445
45363
17909
81985
48749
19431
46060
42537
77027
57465
82225
11641
82170
48825
89224
93702
45511
9642
30049
94477
50487
93664
35192
90339
88587
82088
28942
28879
81472
88565
76063
69917
50279
10323
51901
99027
29753
97961
41563
23131
71777
23787
34771
70298
88964
23995
63999
34474
49988
94047
45302
16826
4062
80493
23516
9000
62580
52458
54230
44052
57374
46645
13968
7652
73319
82220
6678
3072
96532
64592
26202
68308
88379
77325
54957
93694
17671
35307
44519
67658
29353
89820
835
49766
70312
24351
58766
32891
93160
29347
93294
66885
75991
7261
74536
49310
89481
97565
68733
86012
62156
11286
70672
66886
88610
41980
60579
22632
77287
21449
6641
22991
11268
7476
72757
81579
48178
47874
30822
41337
77220
24115
8221
69563
47728
99108
35224
53560
96672
20308
55923
75179
31593
26594
42065
36555
84926
18995
59186
62212
40444
82179
85202
68063
89654
74310
49642
37831
22183
96815
95519
15755
20929
20091
1669
85008
35550
36892
38567
32221
57199
94490
23751
5143
37435
82167
41697
22360
1162
17235
84571
57957
99413
86125
26019
5418
60434
92012
59600
98969
5178
71470
14723
42459
91560
32743
27466
43461
85986
66033
92033
59536
76874
15783
64678
14308
97950
22727
53020
15463
56313
53942
89771
72077
40066
15789
77494
500
24153
37093
99468
29330
8562
30542
71788
16473
79636
99254
59933
65621
81638
51965
25156
74863
84099
6185
89170
82048
28911
58541
13862
85223
12483
3632
57299
52548
19421
51144
53047
59925
4588
68866
89254
13149
15759
77394
45973
95394
92999
22257
61014
90988
90573
2521
65850
74672
8706
55019
73071
37616
13560
86933
39191
42394
90564
12841
94941
26336
63985
64340
86260
68572
33205
91866
98073
48964
69259
60397
60709
78609
82654
21723
69596
89578
24243
35445
64249
32948
90463
37320
86916
20374
24252
42458
62767
31167
55298
74060
57503
35634
38399
60114
20558
71603
51979
18630
36918
37589
95378
97627
16197
94383
35701
85792
83961
76295
21236
48209
9243
28051
1880
12510
64776
42483
54967
43895
73650
26616
17954
47504
62250
56352
7617
82807
44306
75948
17788
97576
29888
13165
11554
46085
7548
47254
48228
7860
23548
85816
72420
49142
13866
74300
78003
94993
16782
32969
38887
6783
59585
73192
54286
38186
29543
78255
20992
90201
70554
55131
4128
441
84647
15681
62877
92194
62934
11105
16405
2833
96920
88825
68327
27137
63124
46329
22129
96257
95650
77368
3040
71586
50559
73677
9771
96454
51931
47114
86654
38836
2244
90781
39277
86890
22813
18505
95436
85746
29609
28192
4930
42880
17016
73256
70016
80139
35937
8497
92748
31586
85864
95787
19523
36422
69463
45645
32875
37746
92758
35880
92933
11353
26660
32209
14594
49472
50714
26381
51569
96674
54573
72851
39554
71588
62458
25921
68079
98394
50769
60826
46331
36632
72964
82205
73054
58778
27849
22280
96523
20606
58160
89456
48310
1171
38016
62904
66995
5081
5636
18563
18107
60208
7765
74012
48148
70223
99932
16226
84968
50701
93403
31299
3684
66366
13503
76737
25143
57704
15369
38018
78309
73528
43825
42971
74698
98192
22226
41692
3273
27861
76607
21379
4421
84371
95390
52568
70945
11673
85145
55913
78725
94899
3563
82409
61264
33417
75497
2758
91120
90865
40775
85781
80744
951
28751
55442
99143
50976
13485
2415
95188
6443
40145
99608
7166
51886
68527
78110
63558
70023
34022
58635
64921
53936
41043
26184
87353
32891
45294
78472
23756
86068
64252
4499
3371
9354
76292
2513
60329
6129
21279
55517
28923
61423
71476
36088
13308
40003
30550
93217
10025
80923
68203
74946
34859
9245
17481
22211
42136
62774
17034
82243
65194
97638
3093
68564
6991
95737
87428
83672
1865
8706
55540
47139
70128
27015
83227
99787
83369
13776
9355
93394
94698
77558
84691
45908
3154
18523
84470
61641
97649
1504
43883
79194
15493
46976
64109
22483
59064
51536
22506
77280
60241
78045
24418
46720
21412
23996
46506
4780
37771
72212
98173
48821
66121
99215
11080
69275
17738
95550
30915
15386
13405
91150
94579
28897
54477
58687
67731
13540
10222
90237
90819
86814
84633
15236
33533
6044
39232
96390
10824
93354
68601
25348
58526
51074
24563
69606
20348
42300
81507
67614
74037
94911
58763
68615
23807
13239
43653
91537
43130
70226
98125
33948
57039
82758
65536
90571
5153
4767
86960
15976
14472
71912
57676
89350
22985
82238
75307
59684
40889
56813
43650
31277
51723
2412
99891
91881
32003
59895
99769
75132
30120
97894
25432
87158
97003
90967
94080
2155
12085
81039
34483
42908
69302
92158
32257
8639
90747
7563
68322
47987
80727
11971
79263
32449
30735
95505
40681
79089
55399
40450
70572
85518
54695
96003
89027
68049
86969
83106
86555
15405
80496
37389
58313
49797
29546
90569
58435
36644
14484
43109
84630
95210
71431
63892
44011
18517
75748
84691
97605
31146
41492
84529
33015
12538
80531
22041
80586
83852
21498
83493
99256
1993
20881
57568
68142
66779
64489
42928
3422
78972
2388
4404
74181
73819
84647
18191
8687
60395
19234
22644
91540
77077
7172
24555
89615
87702
62947
70200
87905
797
53692
87161
2789
90925
61080
87282
57703
25568
30210
61124
20891
32597
81879
95072
22767
66526
29614
47806
26920
65199
70449
18459
42276
77620
59365
31890
81673
38664
18441
85930
39460
88485
73090
58600
79409
50521
45882
53463
76089
92443
14586
13331
25039
96465
8402
64158
62990
54368
11963
6261
35918
82411
41071
78193
76382
16788
26434
74406
55451
61227
60335
11262
49711
49776
86213
45471
16649
32094
98933
9089
24536
29870
22419
65927
42686
47173
46436
22027
17892
58398
28287
53809
57160
69358
48354
49893
86145
91139
40650
57947
52365
17337
85560
18427
67112
71772
80249
112
3866
79181
9200
44753
25403
31619
27031
84440
78791
73466
6467
96682
48215
51105
66842
5374
36814
15195
55266
39310
22686
95916
97256
75050
13252
82815
93477
96715
54587
73725
96827
74804
69258
22378
35908
11012
53996
62939
95451
49138
52756
1917
62171
971
69374
45365
6344
6187
76911
77962
45497
99596
90229
59104
74646
19832
41919
84474
16546
12857
74550
29724
4012
43807
52102
56271
71170
22449
35561
66621
87939
88317
84889
50109
89287
54262
95473
11982
60449
72384
6295
5945
88331
96523
81400
62976
16354
23318
47449
49252
52526
21999
78975
72889
82157
47428
29160
53327
86229
64720
36299
74167
53036
21187
40627
58674
75449
52452
87008
52249
41187
93302
74545
29517
89825
55944
92493
22530
95614
56293
71781
64491
94643
67108
37380
76800
30887
82891
46478
17115
47610
82776
7633
16998
20314
48260
92023
95762
711
79030
64362
41897
72332
38906
71413
78508
94850
80257
17389
90463
36550
89170
71305
47544
72629
8684
24343
3515
91574
87172
36982
55536
86299
44614
72533
6613
92873
64555
2374
93583
59937
83088
51831
48620
21993
39596
43479
33194
19852
60867
40008
72753
66388
11313
20297
39016
19996
60991
42531
27922
48163
79512
83457
50813
40477
72341
57425
33350
36895
76151
43284
96831
59238
11467
61802
81230
51062
5280
30776
87265
66147
70783
76370
32534
82095
96666
71550
18443
74008
30432
46364
38522
26295
46172
89335
66771
18512
46759
16472
71758
22909
76108
84941
82146
87574
46742
79728
54987
52022
10503
42251
18168
81285
18620
67053
79732
31637
54954
98174
5645
1737
60889
44166
44383
7060
33500
27506
41923
96611
43977
13680
19519
36436
98620
18017
24009
45362
14096
78995
13735
24598
37598
48254
22234
56217
15306
18317
87854
86612
32842
9850
88348
93730
54015
32731
17141
3867
76588
75415
477
20564
89095
19995
73352
4066
54363
97360
49427
68458
92707
63161
9407
30304
11414
47993
2872
43072
66309
90725
29683
15503
16926
34382
25584
70941
67112
59077
91159
60051
34491
91635
96967
23585
27981
70318
27651
82344
67677
93429
67153
76735
72942
92912
7038
707
40904
9910
43778
23564
16986
89812
39066
33912
24194
64650
21204
7657
23726
12362
67708
74568
20348
64674
14505
48328
34991
42155
47023
19019
51935
14176
95754
24876
23439
19143
25583
64342
45404
85712
4257
78742
75524
43323
29005
99717
24324
50208
7373
64401
78921
75080
38968
99268
56105
53472
63947
91095
11978
10970
10114
80265
41497
22219
5140
64935
41361
47074
45628
3117
49138
49884
81858
24661
9558
10862
24377
50233
77421
48101
14633
72693
39533
53601
88312
95637
23424
52258
86732
51754
79579
13197
32018
37427
51767
53509
2361
9479
583
64340
12595
66072
14224
10804
90732
40133
21665
31460
90366
15437
79560
4998
4481
35444
74950
92792
31081
14726
61402
34164
66479
57332
47360
98496
94759
99126
52004
97119
24956
68938
61459
37551
35009
92034
48354
25740
32166
86371
73551
38883
18159
69463
43881
22640
4906
35182
31783
35986
49907
9536
70149
16385
66868
33860
31232
61626
49337
83236
75096
74293
68525
52906
28195
3534
61291
76548
45625
9809
79270
19176
48691
97429
88638
8923
36420
9895
44105
84554
45881
10363
94090
32381
43100
77309
66241
74331
55286
31929
73918
46733
6221
42443
15991
34415
62328
77281
27315
24304
3441
6584
59831
52132
20364
64820
61054
56783
74715
21510
41337
20595
31873
51778
69327
74972
29086
35567
65654
84371
83848
39572
47455
90068
98366
63445
40835
77045
40726
68149
1348
44166
91084
61179
12649
11448
25998
90055
68230
712
11564
25918
37658
43436
77695
23337
34759
23132
58903
16765
23854
59102
56336
71309
49170
71053
34753
6356
48097
91830
74504
65796
52348
81939
43326
64996
93386
69324
55050
77968
86387
66614
3885
40397
26401
97932
63733
77512
21063
38987
94276
61269
98089
66963
32577
63610
54367
67329
69965
18815
75511
60820
84610
27858
42758
27936
9205
36144
13611
80607
30463
16349
47220
34347
73097
89972
48630
36829
83835
86045
92168
78110
47313
6608
61424
79889
70217
15790
63569
56533
34604
39079
17352
35566
83288
76461
63501
8845
28956
93463
89451
59418
9811
53022
10117
82908
42993
58746
36088
43180
44790
28255
21289
8454
51214
99065
88342
21430
14854
68263
77962
65810
23693
11665
1375
23333
88126
81227
32177
17081
91041
21627
76499
851
74648
86615
110
33992
61712
52550
77171
22854
97156
14812
31307
48370
13876
36001
69799
45081
20615
64113
10890
44307
92129
28616
67639
80254
26194
99815
97335
17234
37793
90185
34437
12440
93151
50898
46432
71214
3447
23602
94067
603
38413
41726
48972
52288
94078
35122
97369
14692
15586
24610
75350
7715
69578
42989
4320
95771
59155
18006
29357
96948
8190
63793
25739
17692
31042
72170
88906
34489
12124
99324
51443
50536
41049
16766
19176
51478
51887
32896
66169
83825
73857
41519
91539
43434
859
12210
55557
76365
30216
84913
89664
38405
65057
15403
56097
96098
3924
61354
46938
16047
60677
98380
82935
18078
15145
18462
69555
83384
51357
52076
67208
25213
93594
75098
84999
10804
87307
40555
87168
33874
41819
76832
72279
6875
8586
44727
19324
28861
22432
66262
44908
83108
80993
44194
17537
96138
62655
3444
95873
14011
55519
79432
55575
65464
70881
56925
76267
74539
13831
79786
8413
55649
72969
97043
78875
97906
41769
98199
26767
64200
80812
88026
63659
61804
32219
97548
74293
94873
991
70165
25235
56509
65948
97161
38324
36828
54086
14590
11367
67916
10727
36131
39917
83696
33173
18791
81601
74941
33341
24719
55492
14152
12744
35502
92308
44962
33049
66600
39834
50391
53117
81420
23251
19064
78581
61574
55892
49018
76163
83610
33285
3242
19740
73201
3289
52912
8344
84889
44204
41684
25960
16047
72188
38703
67900
80847
83665
17301
47446
39850
67691
16914
21270
90942
35978
16202
52515
8221
65219
45030
8182
14855
64623
44273
88056
67911
13536
12751
69151
57739
70786
95110
90137
59325
33813
74388
40171
33829
91688
3969
73678
75731
20882
11299
83024
73211
43852
51890
97783
25422
13271
5964
40277
77893
50236
44684
45803
80123
57434
14954
37861
28219
26415
44349
3896
60227
18737
44066
10407
26776
48034
84085
18858
68916
11735
1881
42126
55587
53771
39909
81008
67041
62224
37636
61286
28812
82319
7088
8934
56104
38393
63147
675
81160
23847
4570
57738
42583
48635
68145
85711
96669
68581
4568
81936
80315
6449
40413
52253
76571
96673
33261
59963
58897
87248
21248
4060
69567
44688
29345
25670
99432
92491
26344
80591
32690
30913
38329
75272
79548
6473
77334
92568
75053
81902
74503
71719
4702
14915
23972
81272
11588
73584
41234
86836
60831
78834
90895
30397
23521
36591
72419
22952
45434
98762
3543
78123
46027
58223
53394
25574
64695
47080
34493
56099
28981
25347
27817
50034
40261
51788
47657
68200
25371
5242
71387
86202
84075
78633
32950
23947
15224
5368
46899
60657
20482
66793
38779
66508
25015
8524
8433
6061
55603
59277
62159
935
84623
89975
67320
41235
41763
14976
9435
83485
20218
97173
86038
4292
75806
35340
44591
91029
57059
91489
68037
77540
74633
6815
60399
99647
31690
68831
22059
87293
44459
84217
4579
29081
74191
71899
70316
32305
3226
96102
15790
23443
93274
1827
44087
69079
37166
88677
76459
94225
96517
44495
88116
71149
67661
48515
87147
99351
33697
9205
2995
78156
93421
7573
7236
83963
95823
93903
16268
99049
90004
48409
38843
99630
50235
99281
85060
3753
87957
61519
14329
825
22365
18796
71973
90026
67310
75471
5728
17359
84675
8722
11866
94447
32646
35453
78410
28469
29356
11029
43869
35711
59437
99063
35340
26023
98344
20400
46127
2652
98270
60455
3477
36986
79251
75449
27011
62912
50920
32738
96622
51946
57811
8487
62745
90457
43940
57506
35277
73295
68534
95497
9005
44322
94559
60697
70344
92902
97448
16471
95554
12069
93277
15382
49054
88879
90830
92417
68143
58101
25154
64764
26399
99317
73251
89143
89773
17190
63000
41401
6836
47885
36897
32192
92206
31455
92888
78901
40709
6687
11723
52614
18755
5000
67995
84161
10230
75176
76577
78372
49629
18082
43136
92379
17398
16386
97873
23522
49927
60872
64922
56762
8756
1818
88953
17313
49625
98193
96213
6685
21231
7936
59298
56338
29287
43644
40498
39516
35171
17074
17888
84799
51507
77375
77177
68905
10112
75049
92426
60038
52272
57348
33151
61027
75517
38455
94691
25141
52999
90904
31825
74230
15191
7474
46919
44477
51117
87416
344
2640
20841
34583
3790
88699
11957
80967
57603
22068
72367
66381
98457
24639
40080
31607
2017
15596
70062
96708
40737
23060
3963
72561
13641
19153
96387
60559
79981
63855
64326
96676
66494
85166
31259
70284
73865
59567
67602
47819
81635
56320
14199
80091
80958
54278
11698
99327
69874
98111
12386
26962
21170
16348
15874
34811
51852
12260
11721
31832
76115
76047
28507
42608
61212
76117
29243
51428
35684
96844
15599
17318
53164
46149
13760
50473
16779
41809
66151
86652
39919
78536
29965
77441
11235
45838
28603
63086
74450
40323
11269
50564
16369
39776
9523
93933
32244
55118
61712
67927
51961
77310
1596
21476
23459
31708
88301
40237
73516
54451
43240
29787
49339
73204
7227
60573
35393
52181
40011
9842
92503
51279
60405
8872
7406
86280
2804
39650
41397
64515
23928
9709
58177
25524
47537
81635
57231
35837
38223
47098
6639
97814
93236
72329
71017
16814
49254
22761
68994
89264
32603
61497
40542
9359
86720
47948
11990
89523
3949
53386
70389
27876
79447
44917
69751
26983
42903
43333
79171
81125
90431
2161
78938
18
74490
66306
16832
23743
89067
85825
29358
38021
47321
69899
63731
34040
34198
75721
39914
54498
45458
26655
82374
24904
71571
52124
68238
14474
95457
47408
11950
2239
49569
90888
2256
24058
73545
19087
64152
78963
21264
93509
16983
84936
79759
97066
18976
30309
72786
75241
84806
18243
18247
67179
59499
89818
35655
27736
20643
31111
91496
32592
49701
41064
39831
51956
81473
29728
87395
61976
8690
25010
55484
42025
9945
51594
39090
45272
81902
28227
20513
83060
62821
38759
50238
22319
44928
85892
66407
81922
33354
57902
30866
99406
15317
87048
51362
96789
16775
55108
75116
41817
80117
46951
83841
90061
98544
39282
35333
96798
83860
72197
79857
46680
27307
46446
85351
88587
48690
51757
70508
98395
26010
1373
97801
41326
4773
65514
54466
21547
20621
29581
79715
17089
92883
79907
23501
91426
19188
75185
4575
3047
47381
84431
66079
91040
47229
51429
79626
95918
3185
66485
94312
45546
84210
92112
3223
88982
57625
74040
26880
94597
3620
6595
11685
12854
86501
51538
4279
22041
26722
25206
41439
90455
25988
7517
97846
73216
58945
77471
85485
78481
60307
79797
24026
60868
88260
27248
49849
45885
1287
93081
56833
21258
99675
68518
50463
2527
36407
54742
24567
63128
96299
82358
53582
22286
89874
67779
11854
65171
45249
97338
43651
21908
77134
84029
82775
65394
27628
48976
27630
45267
42056
84462
82876
58082
69331
33339
76960
5737
4432
17879
85217
730
236
55150
23015
6461
22929
34868
71631
84529
32206
15282
6436
25691
99310
5563
7436
43289
54538
35065
88555
12945
35879
71431
87378
5209
4769
64337
27298
9200
82215
12514
9929
98802
67663
49295
5263
90591
515
76893
75120
49072
8526
97907
74762
7835
3469
98550
67476
74358
49966
56030
87302
85844
27460
91031
7405
32228
55368
34702
41427
53934
63567
67707
52736
31229
17002
57998
38172
33868
51242
13291
82939
59768
27549
74052
83954
31018
72601
51429
5375
22567
7459
9029
24762
34918
59
32166
83498
71778
83219
41276
25712
46785
8983
94799
94366
42336
69148
32537
76203
20389
62179
59141
80156
89727
49544
80462
37096
22145
31890
58823
61063
39348
67851
85824
90618
84261
34342
90467
56039
17560
31742
98102
80697
57076
92900
91414
99411
62047
23950
75613
98787
2480
51105
95295
8558
17001
75756
62006
39145
7645
20828
16559
63345
5030
2382
70314
89290
53075
60780
61680
86987
8873
76133
67683
65949
69032
59096
65359
47430
99397
57324
62569
18228
24780
57863
43137
41780
33618
5142
97276
57614
25969
13834
37310
30998
32568
7623
36640
85642
84754
14671
72628
93627
90804
56662
59575
59835
32109
41285
23617
31505
14960
86185
66084
39740
60399
9221
81519
10368
14362
95147
67981
56683
8980
21643
4032
41547
29265
40671
43541
30371
55342
32520
40349
46145
89182
99923
22331
21290
57559
62299
69147
72519
64835
51582
28610
25233
60802
10128
35600
91516
21626
19933
48198
30606
41575
52229
88504
87191
9252
32044
33913
64593
64564
74261
27089
70097
90535
49419
91386
48094
28070
76884
36964
92904
28466
65573
18137
5619
92052
70088
97134
13678
6372
45331
44283
64298
13912
49138
51489
23163
81182
1753
4107
62097
76014
31195
32193
66548
96965
39930
30993
25034
33166
67956
17938
77983
33528
52426
83601
25580
38865
80735
39257
45237
42417
99891
25886
72680
49028
93726
95842
46561
95479
99948
25009
71492
47494
73553
54391
44459
29835
85384
85844
63000
53339
20133
40982
86867
88910
40934
28798
27775
38020
68054
89363
80437
84296
15248
53116
49675
8974
65310
96236
20804
81609
21244
92295
29103
11149
46685
89913
40983
48420
75756
3982
1759
12241
61315
88625
1150
2248
17422
45276
40268
1827
50990
37056
2474
82590
6523
52148
7915
71832
48383
28718
69793
85979
37364
98895
97127
84048
88807
38109
48820
80914
58442
50578
93154
19756
55554
10656
38355
89327
55931
94974
91153
6921
32029
93626
5862
38552
62125
13776
26735
10508
42493
96527
12838
79856
11773
26316
80255
16931
80776
29074
97845
39217
79651
7350
75324
51556
18005
30030
40882
90288
25004
48386
13560
73384
58363
19421
11935
20488
33196
55022
47347
75688
67900
60184
71895
96025
2851
52149
12955
83626
97575
10799
39194
77225
18149
30869
45133
52505
60898
86014
42792
2253
34400
56351
75637
92762
75771
3923
29601
8966
75296
76947
1005
43196
53482
72899
55572
56332
25048
68526
39957
38974
79325
95502
16198
13825
26370
77682
82681
3620
63696
25473
5872
14447
98175
97860
23560
73946
1783
53161
99263
77078
30107
268
36625
99941
73166
92196
56272
14565
60722
12581
53538
56398
8082
86088
86574
50804
63769
69254
70775
43816
11078
92998
58262
9253
90858
81822
83198
92640
51334
98812
86069
81440
99079
22694
97732
88597
31241
54004
19513
91962
82936
89403
64711
7369
91842
67636
58172
71962
53242
28946
15778
64319
38296
90391
73571
29153
72212
73120
38144
23545
71932
24212
21337
87362
63257
19068
92310
94498
89423
11823
2811
72358
1225
83874
79727
9418
51509
54250
81379
4750
99548
13508
85421
37843
3899
75343
83347
92462
64815
21490
16007
36746
62053
53695
40459
25310
89114
32769
36159
94889
44591
55321
83598
62167
55546
79676
71584
7055
33926
69314
28156
49825
82822
29928
4019
86720
5271
87365
79181
70085
8854
11539
23182
70906
81585
79992
12567
70699
12760
65077
81939
73702
20398
65536
52220
75943
45212
23803
99349
95489
9469
43857
61665
92290
73784
65683
79009
79054
53047
74541
65490
78252
86080
88671
65509
67664
68663
78076
54714
97774
43152
36652
71476
63549
18540
23695
55844
63751
63850
55192
75591
73318
15400
53607
81959
89184
19289
77319
84589
88687
51859
50079
66938
54290
55101
32446
38306
40115
10521
93019
37889
70025
46023
25716
49925
64562
65762
5768
44664
45963
77312
36606
35632
92711
90212
17590
98246
9500
94908
82835
98186
63119
49265
81475
17408
4365
13920
55713
60832
40793
65084
98720
10817
11106
40787
77093
92019
22900
99213
36682
68863
76524
89639
20846
85586
79850
38436
83832
5701
49695
83018
20238
12813
32282
1712
46573
52998
15631
2285
13829
72775
83720
28900
99943
11177
86038
77036
3195
8938
76248
56228
77800
69123
45866
98645
71060
42067
53432
71243
47767
3127
54260
68004
32291
2893
69715
78863
55891
1698
97500
69719
74472
97571
14971
90767
8748
1008
67802
28294
9945
44049
84522
4096
29523
46739
19093
582
5158
88876
71825
52924
8354
42436
37280
40645
45329
23346
35859
1219
25043
49710
87289
15867
47281
2259
6633
56028
19619
90786
84321
29563
34834
85194
50011
80708
48285
69103
81289
53442
57978
69465
22717
66332
11901
76348
23328
57229
99694
59186
74799
41088
8896
78439
56954
72528
97050
79938
28555
16668
70723
29227
62582
21908
30773
12592
2615
95409
98046
256
65202
72376
69720
87918
38707
97972
64266
78386
71552
63959
53923
46350
21398
62818
41141
78352
51697
38190
74641
80251
71209
61716
25830
33790
83623
72954
62734
2590
68362
60779
19197
33563
33154
5268
37832
88212
3240
2097
82949
91143
82407
36872
53845
3805
16041
94985
98508
67738
49526
89500
64340
20734
51215
90169
70875
51190
63122
49960
70131
47835
10739
89327
81397
60244
10946
19229
64808
30537
37677
47756
21680
36436
979
75524
56592
17020
70508
55099
84757
36385
60950
49096
73470
12165
55617
44344
63354
35090
10656
49836
82925
37746
39162
80673
97989
50107
16253
79148
80644
53930
43256
18675
6717
44234
94198
63308
61253
81057
34758
62361
17441
95707
27809
90910
24223
83425
51605
3928
18514
62260
53763
17790
5
92924
98463
14346
59383
31067
9845
56378
1348
53100
75052
8064
13686
69249
87723
91290
66657
22480
53651
84097
34539
97811
91358
58761
81235
59314
62689
16100
21574
16451
50242
37930
25727
48704
68627
1461
96122
94824
57838
97470
64275
49241
5533
77960
34841
93256
85602
1497
32087
55604
85593
66625
53414
76950
25386
51000
36263
4426
67099
74188
20876
17340
28470
62954
82395
13448
64414
78517
8271
22251
92338
88898
87843
14222
83209
22683
23829
68810
24179
55916
24413
9771
22540
94178
3072
64277
45177
55687
68702
28628
46226
5930
45967
91047
68883
44714
4495
49649
39582
29117
88251
31919
18014
76094
62492
1223
98776
86321
86384
22955
42236
10797
49077
81127
21326
68501
61756
66503
40539
46809
95130
3116
52738
57448
94163
37973
18513
15009
87621
74446
60477
75871
6364
78491
68316
85208
96065
67092
71528
98800
6398
13763
25948
71826
11241
47274
40326
72996
13776
97216
36157
25257
332
5246
99056
10846
43218
17569
25854
47190
92014
86330
39413
14730
81172
7728
99937
93588
91171
71464
92388
97568
1578
18335
69394
29170
65608
26071
18518
95735
23287
54674
20991
39970
59919
36399
50815
19489
53967
76668
83030
62332
79349
22442
77061
60521
46522
93349
70460
37692
81164
62847
51612
99093
97534
21005
28263
79493
63427
46780
75228
3065
17805
12570
43034
77723
48968
93848
13563
19286
86867
96593
81618
82568
35386
75030
59440
81907
84731
29899
35951
65894
9098
87562
81339
22983
24918
9601
2475
88344
72732
94054
91409
6888
22976
34442
84610
88295
44642
14525
7581
47860
27469
5550
30427
62854
96931
89866
61113
81661
36117
97063
63907
45214
976
45245
68196
25893
71197
87022
14236
60280
81076
5644
67167
4051
56438
68128
8697
17431
82652
16277
65290
26472
38178
12069
89326
35109
18286
66790
33121
54402
63852
13379
15967
81179
74975
514
7071
46171
87536
21306
22802
84963
26950
89968
5365
99739
74448
14061
17169
57099
46690
98810
99923
84867
10878
89248
36327
29164
72389
69448
83565
52592
99178
15884
33770
74153
16397
40840
20323
20284
62145
43125
5246
5446
49444
26962
5184
23891
41023
38704
97342
4064
37514
97264
5282
48391
2863
41609
93906
75251
27408
93823
27842
26585
9706
61611
737
26102
2450
37412
62738
80946
96888
84335
2744
46331
11297
24279
86574
68671
62983
267
72734
16848
97530
94367
81590
16744
35975
75496
91994
63382
69318
36187
6319
95375
14149
7055
37828
32950
44466
565
13895
57705
84900
16638
4036
12548
40917
6961
81218
20251
7227
70303
37098
21108
64669
18687
37851
16996
10534
46196
96729
96203
82382
3047
91577
12882
26454
29405
45831
87271
29969
76077
44976
31220
9067
65363
43767
49983
72323
41336
86585
95901
11638
40034
17008
92659
75072
54858
26006
85606
1053
22734
81808
99786
25781
73385
12667
68586
2789
74849
55856
49109
50925
831
80329
59991
82545
24095
26325
54867
81783
29261
50767
9772
69294
84126
2430
44366
38983
44787
29971
56387
67521
28130
72524
9653
1514
1542
78238
20654
76390
50445
69763
43667
67628
66443
3657
50172
6889
46334
21391
88671
75594
88509
98443
44888
72635
17224
5605
11617
62011
35575
84356
29531
80056
56879
55535
81570
74773
33772
18575
67514
568
88337
11180
68195
71131
31189
18367
78020
93874
39757
66690
69467
28265
65132
30706
899
98708
52662
28868
60718
4588
29575
6600
84644
2805
62134
66213
77577
95905
1139
45091
12824
89476
72622
81019
60606
3810
99385
54977
97683
55493
21667
83502
109
3150
30559
17360
1857
83221
62579
62574
87808
92153
69173
88803
94957
47658
55015
72534
59914
56154
33976
72738
61981
6597
53756
38938
26759
69492
93915
40793
24984
31933
24294
41444
35082
71205
58803
36939
70777
37733
15864
74936
29885
1389
63739
24842
49046
35105
13727
8960
7610
47702
81697
85942
70650
51804
24880
97408
21295
35146
38201
62630
67078
78846
20425
18511
66402
79228
71801
37178
33312
4017
12114
63197
5405
75852
4390
70802
10956
18116
96113
34918
65817
94161
20859
52818
45964
45738
50226
67258
97235
4778
46239
80664
83623
66664
99175
50025
62243
87327
3554
95554
91343
15667
58750
96747
7870
63139
83901
35178
97606
80013
70095
79774
74174
90953
32592
20137
53043
82817
3747
66629
87594
49985
47293
87568
33000
62819
53944
95242
50145
57498
90796
41488
89516
65897
54586
97386
45388
38486
48915
42993
34851
35361
22767
9024
42665
55358
45512
12059
54526
65610
78688
58471
31947
25980
62390
64946
5150
16334
60188
55294
90183
67335
96781
79698
49583
67719
93435
94970
6204
58701
54315
41054
94061
93433
66429
36726
48790
28293
48784
19667
93902
43823
94489
42200
86154
56878
7146
91303
89563
83685
46597
79745
67371
59729
75795
16953
27447
85581
28275
50003
44282
82589
7408
54694
76021
90189
91419
41162
18481
56555
60828
28734
377
71668
70934
86531
28545
94431
77833
18108
78115
40781
97852
45485
510
89998
62437
44308
75579
7063
94310
36212
89651
18070
90905
82023
8258
98676
23184
43090
55230
363
71823
71958
72030
59108
74840
16927
53538
69025
35034
31652
9805
49237
77136
26666
39235
55925
87326
14813
79339
97987
67376
68990
16056
58280
67364
24313
56955
6900
67402
28536
7262
55577
16846
95644
14684
91685
12570
68222
77061
63955
99873
86866
13191
93361
29883
68777
65637
17208
99941
44975
15195
67316
30316
31250
25596
97680
71915
98902
4579
55668
43790
28192
11244
76987
40187
25928
85023
69108
94149
62084
33062
10373
65301
62605
20085
95183
31381
85721
28743
47674
47048
43937
14989
77363
91538
56936
91394
79804
72190
12324
35472
32331
56868
46715
9317
97054
88994
94339
82514
99494
56422
15575
9867
38074
94531
46303
33257
42264
32024
61999
89937
95423
22287
21277
72785
30176
78213
80531
9980
66754
9206
61803
99084
66073
24869
8400
63127
13863
19090
45640
29708
91864
77566
55926
29937
88449
2229
63193
47064
50604
41543
37000
46026
80181
74628
35162
10357
52840
15692
36688
35945
24898
14842
35028
90970
39710
43427
70448
69924
78869
32439
99632
70732
26357
71909
668
31157
74137
80213
78220
24740
38107
31571
70765
34640
6198
5927
44996
75390
37970
98035
11334
79219
12876
46362
70189
68937
6140
56988
38861
85008
5779
54844
72091
32135
26752
72759
79643
17241
69323
57862
41980
23781
89432
29097
58420
11981
51375
19767
87370
89344
17801
98704
68563
47028
61417
55103
15965
83908
28442
71177
68916
34220
26020
41006
82706
69123
30116
62348
86363
15790
36561
28343
39571
25992
73791
14342
37973
25165
34109
41694
30860
68261
56749
15774
15289
18165
87228
47605
2073
15670
18781
87340
66241
44800
44697
48947
13922
91165
27646
285
23306
64207
44979
62876
6550
35121
93570
60874
76637
27678
2568
23848
95938
59316
39622
27578
93833
26849
75182
12257
58870
93962
99596
25111
38761
60644
90409
69035
51808
18054
85671
75114
98612
47001
54341
5162
82121
47910
82387
75109
91939
1306
98956
87877
76974
38577
31806
70806
81778
6988
83062
40647
949
99009
65757
56062
59652
72517
25096
27812
90571
27118
19277
89182
74118
89969
10695
72590
54231
9434
64050
46169
10739
63005
50397
87712
17934
82203
58517
99711
89190
57930
56709
90138
73290
38818
62551
49294
11334
87646
77105
18256
31115
12733
7438
21584
2701
34484
94173
56931
43917
58222
3100
54656
37579
69848
58719
55512
52050
33588
71574
57591
91517
28282
64081
81159
83451
26631
30452
94785
30629
7556
13040
61743
20288
36829
99679
22988
87665
93851
96271
31581
68425
15722
2588
22355
85569
61307
94218
53971
11246
65791
11561
2762
10424
91993
83920
93875
34976
14371
5011
65604
38278
34402
43698
74917
71231
43376
14257
58895
53579
10527
6827
38355
26248
25767
77061
28168
3425
71278
82138
14670
37068
10051
33783
63843
2043
34055
74069
53370
64777
79079
35325
3055
13481
79023
77971
1063
38750
8579
76309
8680
19105
99487
63386
61704
41605
56798
89872
45029
28075
72009
76050
81494
98411
9833
45337
454
43887
35757
70175
8663
14836
5500
28069
44668
874
22392
62082
39623
30970
54742
64655
66427
54228
44392
28130
95833
1190
18001
57213
45616
6362
33263
27110
4772
59447
88798
21577
3333
40906
91752
28347
55741
97251
72768
16760
98124
95159
95193
54098
26128
49934
35104
92554
20514
95848
37036
16346
97037
55036
89910
59004
77749
39524
2465
82521
98970
91262
20449
18654
32168
12200
63353
4260
25802
36120
37372
23925
31278
32564
94375
73757
98850
29478
82663
19363
25325
19698
52060
38713
91085
41969
14069
68834
81493
16533
67706
80462
24147
88154
15468
72666
354
78820
76925
26155
14939
30648
66432
46216
79564
77158
36324
78413
6635
18986
97775
48312
38683
49834
3376
46120
91802
17444
31305
89646
50329
99010
86460
74475
87163
1927
47140
3868
97098
40416
46375
12036
71064
29158
74603
50627
6315
10926
29039
29301
46264
26813
93964
84946
76646
97340
47417
84799
31135
78721
74445
81463
77730
77256
72289
81245
79182
19428
1464
76279
59844
64190
4666
47259
9699
95620
97885
16013
6545
43275
45314
52808
70087
55629
54106
63084
69320
17874
64234
455
96595
55030
98269
90676
32285
70558
88272
27818
6337
89736
20448
66180
70277
41465
13438
79976
37084
27674
95988
59981
70948
57653
12788
57386
13282
83245
36821
82601
1119
1055
99407
14065
72436
14028
4740
21073
84585
93012
48890
90921
99099
85690
73453
69375
27154
3242
65702
64238
30916
61690
24218
1863
35694
53357
75601
65327
52954
12421
64280
70424
29827
63686
84488
2263
77713
5579
23335
78649
14942
88576
85922
30392
74265
75726
16119
17771
78967
81820
98360
9882
59861
38929
28097
95555
8637
3697
77233
61590
16117
41512
48365
45944
21550
49204
64558
15614
54783
87892
94263
86076
76467
96536
16468
67084
72261
32586
1206
67579
14405
99565
77461
74266
38493
5557
69820
47129
25605
63404
25071
41721
4916
73435
4016
26465
22639
68573
42078
93773
72816
52692
79848
65635
49227
96315
32718
37839
28900
50275
5418
59657
49839
99230
33922
4683
21138
20093
68163
46742
83496
93233
4814
88411
83020
8830
31227
22010
93754
73305
15782
66570
25996
11981
32204
91575
8296
81273
45765
53547
31547
51182
13203
97737
66763
63476
2419
87900
83568
70581
34641
83416
80166
39455
88178
63185
64636
19405
1546
58389
9061
17327
24958
35056
29307
73513
42982
53954
71137
88747
23853
2683
56280
37055
16771
23043
16883
19189
10942
16802
6122
61935
217
2639
1389
4747
65823
82376
24151
67368
40764
33211
1046
65722
84618
46704
55586
27600
658
26723
32698
24510
45757
5329
77916
62528
28371
94798
98068
55665
11600
20541
33951
28168
23179
51691
32914
5353
34066
73416
89072
74829
6626
90117
56902
7596
36821
12488
51547
53830
39210
84244
78339
1318
89572
72606
63845
34295
67404
78265
6311
95355
98805
40261
23522
38336
91951
72788
43688
26016
46203
32760
17196
69181
39228
74098
76776
76048
86585
28322
46229
42146
28917
24567
43463
18488
97173
23660
69134
80928
18276
75444
76282
33432
15704
16155
71767
24006
88942
31807
50021
51497
80918
67217
20677
20145
57666
13804
12545
60602
42125
58773
2747
71041
99692
62561
5880
13216
2572
75014
94143
37199
66809
86776
70631
82513
19282
58749
6518
24576
6907
72891
76072
87824
56459
13100
24321
14124
26903
36865
74725
69027
95637
93823
56419
11680
72735
78650
24895
91659
70015
19037
28857
36824
22164
15839
35688
41446
90940
58557
66021
14198
31447
58444
2022
4257
71543
26342
18380
14797
79558
9456
175
75194
19630
56593
3226
8717
51594
28120
375
37961
63509
45583
74784
85672
77774
10471
43469
68713
69027
25841
82910
16826
636
1283
21082
72178
43976
55814
86974
23533
81621
3500
15079
