6369
6210
7387
7957
2471
7996
544
2623
7615
308
6639
5069
2984
554
2172
5270
5841
2038
8094
4226
6805
3976
8881
3388
2482
1822
3609
1587
1433
7329
230
8741
6159
4285
5080
2529
6903
4103
969
4205
2244
7976
6239
6024
5583
7617
9602
5566
5866
7016
1781
1316
8226
7320
7531
7060
4558
8340
4491
1996
2904
3800
3035
9479
5708
2402
4597
7677
3740
7724
3294
9314
2399
4327
9141
3697
3167
5426
7137
8450
1806
8862
2017
3000
6392
800
3316
6511
5567
6922
6928
4659
8322
2540
9392
3600
7907
3094
4994
4384
9374
1448
8385
5126
7627
5954
454
5384
12
1025
3829
7812
2985
2020
1529
5050
5505
1866
9427
59
6059
9184
6280
7075
5699
5459
1176
9591
8542
4986
3752
4324
2518
6335
9718
1563
8422
491
9254
58
3802
2723
2445
3908
6545
8232
2370
4030
5588
4352
158
1364
9123
1288
3735
4503
8238
9853
1782
7938
6224
9293
9776
4893
7592
5474
2444
790
9772
1698
8656
7251
590
6136
1655
5337
3977
7101
5440
4280
8664
1324
4985
8990
8622
439
1446
5852
5974
4708
5253
2906
8260
7437
7284
2690
7293
6880
2220
4076
4614
2129
4489
5678
3119
3182
5730
6822
520
8932
1727
6577
6538
3607
6575
6574
4510
3425
4551
9459
4372
3320
1099
3897
1304
370
4528
6567
6914
8981
7716
516
5668
8277
9067
4773
2033
4383
4556
6146
8493
8848
2187
7241
6615
5997
5482
6800
4344
2514
362
6463
8638
6365
8367
7713
6763
6647
7341
1395
6996
6328
4662
7395
9767
8671
2158
1770
7378
9538
8623
4232
2569
5028
3646
1129
6826
7290
255
6493
9737
8350
3852
3726
52
6686
831
7594
6422
8781
6918
7338
68
6027
6674
1004
4290
4602
154
1546
7113
885
9858
9899
8551
4592
82
422
8566
5502
1573
8022
8689
6827
6931
2018
4291
8827
7546
7547
5280
9078
5045
5351
8261
6103
169
1549
5439
7518
4207
175
9452
3291
6855
57
4706
6580
3638
5988
2271
2536
5690
7388
9735
9526
1953
7867
301
2275
9796
7815
4798
5329
9253
9482
8797
3902
6406
7701
2970
8140
9282
2758
2538
8254
8568
8614
4776
3049
588
498
7655
3127
4165
1858
9108
476
1884
5872
144
8655
6651
990
6645
4679
536
1276
6518
5483
7602
9856
7011
9457
2337
5356
5915
9074
6395
222
7187
5861
135
9198
194
7573
7795
2748
6034
713
5042
6809
1389
4450
4615
8271
4476
6638
3808
6677
3949
2659
5179
8100
5565
2542
5238
2067
9597
972
202
4169
9639
3773
6861
1149
8200
1490
3390
2923
4471
5076
3006
7226
9352
3956
4456
3248
8816
3536
560
9985
5317
9510
3256
7306
6865
3114
1878
2863
5589
268
8798
4982
6540
519
241
6061
3482
6386
3216
9875
4968
9986
2475
9749
5712
6718
8375
4458
7492
9609
5969
5548
8185
228
3185
9442
4227
6860
1674
576
4860
7066
9789
2555
3149
6881
5965
8044
6514
3255
9404
7348
9373
4863
7915
98
8961
1437
2140
2048
4363
7753
6693
3757
6432
3625
1440
3352
3698
4772
3239
3716
1368
8738
1481
891
1322
4184
435
8791
8996
1768
5232
5376
4163
1564
1513
7533
5839
5772
9558
6256
3010
5326
4244
3573
7403
8970
5397
8288
703
2095
4948
1006
8170
4248
3242
8130
4453
4046
8387
9375
684
2965
4271
8242
4002
145
137
5072
4876
8989
8252
115
6378
9667
6147
6362
8667
1615
8933
1705
9885
4168
3032
3608
2594
6583
2203
3487
7718
7846
1143
4368
6230
5147
5481
9638
8865
5853
6747
3017
5991
7698
5251
7932
2426
6420
4433
3346
3674
5330
5686
5597
2364
1848
7198
9681
6038
7791
2130
4143
9294
338
4404
1219
6397
6768
3541
6649
7095
5479
8051
9227
8930
93
1695
7375
6196
7641
9039
6555
6263
4158
9019
5133
7134
289
7394
5802
2468
8625
9033
3254
2077
878
4405
5477
4047
3933
8829
8357
4511
4247
5410
1648
33
9034
1320
4684
3224
5152
3055
333
9315
2195
8027
4245
4374
730
8962
9864
5734
2924
1812
4746
7051
5917
1256
2672
3342
3501
504
2153
2922
23
6894
7304
7659
7238
5916
7196
4933
7380
3812
829
4673
7084
1885
2416
9115
4380
345
5171
2707
5577
1820
4598
6531
8348
6071
3486
4754
781
4666
9215
9047
6820
8721
5290
4170
8543
6133
3150
4233
196
7831
352
6030
617
3231
4743
2484
7108
8053
8936
9648
7918
4735
6620
9745
4849
5106
2998
8120
7243
8201
8286
3828
2574
7948
3319
6496
2828
8328
7759
118
4651
6270
7740
7613
3428
1745
8197
1466
3374
2439
7715
5373
5766
9456
5115
2687
290
799
1120
9893
32
893
5656
8691
6500
5805
9468
9755
2702
9347
3566
5335
5278
961
9599
1710
7118
8555
8834
6974
7864
130
3966
5283
7590
6643
6435
4462
8456
7469
1102
9250
4925
2259
5649
8892
4159
1366
3271
9312
4398
659
2297
3657
286
6153
4698
7012
9143
6696
1236
6307
3542
8459
2261
5055
840
9865
4789
9322
14
9006
3563
9536
7017
1095
3909
3712
6669
4083
7211
9318
985
3659
4436
7015
8043
535
7883
9151
8166
801
9022
8868
7503
1860
9058
6853
3760
3183
3922
4350
3747
8901
7971
9511
4756
2747
6543
7747
134
4142
5884
1890
9552
8069
402
8767
9845
1200
7449
7055
298
6032
3079
2159
2591
2301
6098
9181
9676
1539
5856
6250
2768
6637
5367
5695
1002
2905
907
933
2919
7401
8407
3208
8343
6084
3746
2406
5937
3286
8080
2121
2735
4317
2270
7497
2137
4188
8780
5907
2981
9362
9502
8079
3955
4191
9938
897
6358
9263
7402
2773
9411
8104
6374
6773
4531
6706
7764
9549
1345
1060
8246
4897
6788
2381
7064
121
5467
9407
2462
664
9234
653
6102
8203
5521
785
2754
4896
9812
4120
9455
6558
7674
9079
5843
7499
3539
8902
211
5795
2586
8980
5067
3012
2016
6587
7991
5696
3832
5741
3673
9797
7539
6954
7824
1349
2513
7283
2993
8497
671
7773
9533
8370
910
4089
3706
1430
5286
5601
9278
8165
8088
3170
3191
4661
3212
6359
2822
7902
9072
2084
2633
4545
1266
6197
6259
3110
2609
8978
4140
5475
7514
7568
5395
823
2417
1456
6498
1405
3427
7500
97
1373
1393
7843
3632
183
3126
1217
9076
5039
813
843
347
7301
4881
2146
8787
5514
3696
9571
764
4278
4522
96
1584
9780
9274
7298
4406
5638
7467
1041
3147
895
951
4206
9606
1240
1026
2456
213
9731
5049
5306
4261
5539
6082
8975
8372
6703
6017
9588
3521
7332
5070
877
1037
2031
7117
3858
5063
5460
9802
900
5875
9693
8897
1633
5190
4316
8958
8221
1330
8973
6886
6092
3514
6063
580
6810
421
5250
11
5761
5738
4434
3203
1315
9596
2696
7351
7208
5626
5136
8438
7528
3621
881
9142
4474
1061
8853
3298
1516
1661
4180
8176
7946
4459
4338
5488
4587
106
5083
7681
8245
9154
8579
9651
2838
42
6823
2280
8564
8501
6396
4378
9099
5603
3775
5378
1020
6785
5913
7780
8009
7945
2526
5468
9475
5586
9262
9043
1701
4937
6938
5777
3567
2189
806
4045
740
5123
5751
3960
1654
8855
62
8567
6592
8411
5594
1260
142
4566
5568
4871
8841
2499
1863
845
556
9158
6124
1515
701
8856
1503
1442
341
3929
4119
3161
9249
6185
1660
3434
26
9462
9892
8321
1807
2882
6751
7033
5068
2668
8661
6231
9140
356
8273
7144
3911
277
6678
2457
2517
1046
7933
9902
473
1775
6990
8007
3759
7822
593
9377
109
7529
4323
4715
4576
9408
5653
6869
5026
7789
4094
2816
7216
4875
2743
9149
428
7147
7336
706
4318
7445
7381
2937
2351
7282
8213
2436
3401
5880
1241
8727
6679
8500
1933
9004
7950
447
9444
582
2423
1784
9956
8966
7013
2289
7628
1711
1514
4970
7265
3814
9328
456
2011
6186
7085
5614
4877
5783
5513
1947
5840
2665
9489
4797
4333
3568
2945
5365
8531
7830
6817
3323
6802
8255
945
1809
185
8616
176
7343
8773
4833
434
2826
6776
6261
5860
8635
8602
4394
1893
2527
4502
6383
2630
2917
4554
5779
8017
6867
7767
3228
5235
7157
20
8452
6340
9244
5368
6766
8785
3972
9766
120
1083
3210
4478
8672
4257
2727
6490
6418
9854
87
7856
4696
6634
6728
8578
2683
1353
8025
5606
2753
6370
1568
7642
4262
2931
3957
272
4997
7093
8347
4498
6297
1203
9127
6190
8960
6688
9288
8298
1468
9193
6279
5768
9719
2126
4287
9240
7640
1247
4543
1162
6626
5132
1640
6049
1566
7935
1148
2224
8518
1673
3131
6503
6161
6758
8937
6350
9792
5203
9174
9768
1972
2240
1694
4129
486
3409
4320
8690
9417
1058
6885
6331
9327
6616
692
2553
4001
182
7490
7993
5701
7296
6407
2893
9364
3761
7819
5218
5827
9049
9105
6299
8384
5684
882
7438
2853
613
9784
6975
1985
7399
7058
2607
6447
3689
1130
8745
7726
5932
9063
5175
2990
1355
7686
9720
1029
248
3935
6568
5094
3626
3235
2459
1764
373
3440
7921
6595
339
387
5952
2988
3603
8287
2144
24
7488
6940
8581
5281
869
5006
3879
2473
3088
6105
7778
7412
4910
9944
9189
2488
3999
5149
9770
1470
8465
5587
3317
9316
7749
495
6430
2235
4162
8601
8055
4701
522
2221
7439
1520
6876
3377
9464
1876
8803
7551
9285
5816
7992
5788
2615
3983
7805
8475
2868
9739
6011
4853
4428
4979
822
6469
7953
1844
4080
9178
7704
2522
9992
1867
2864
9659
7709
1871
1408
5201
1344
4074
5858
6944
1401
4693
7347
3898
7050
4087
9815
6143
9697
3904
3604
6556
69
7493
1639
7292
7521
3065
6982
7638
2678
193
2821
5272
1390
9136
4755
3827
3192
9779
5002
5780
7654
1222
4277
8704
2290
2511
3080
6744
3737
4023
6477
3635
8904
2525
8790
5541
1657
6168
494
5835
5318
9238
5339
7130
1019
5608
1839
7334
5138
9874
5631
3941
3047
2639
8867
2223
1578
2461
4541
61
8674
3251
7102
9883
1730
5807
4533
9632
9300
2443
838
5164
7553
9730
389
6743
10
4561
1294
8045
1998
941
7913
9203
5658
1930
83
7727
6907
1828
7450
2260
1474
1494
1443
1664
8374
7512
2168
1935
4311
4004
7457
4099
8239
1512
558
5970
7548
8641
7047
6710
5644
5399
4535
53
4110
1384
4622
9483
5951
784
1746
5921
3547
7847
7389
9389
3481
1249
6176
7637
8921
2824
6506
9584
1778
7999
8132
1874
6486
7532
4810
643
6760
4716
2118
6967
8449
924
6700
2346
1676
5509
5516
5494
1988
5059
8939
9258
7150
5596
4302
3368
5833
1777
7941
1798
7838
8258
9612
3890
6834
1480
4946
2914
5643
2188
7376
3467
7455
3660
9171
4564
5821
6969
778
9338
936
7065
3506
4492
2149
8150
2491
3059
4484
7754
4612
9130
6253
4878
7131
4033
8630
133
4254
9261
5021
1875
8110
5350
7714
1420
6648
8843
5357
3163
1033
4177
9546
8466
1011
359
7964
7132
7660
6053
166
5386
6987
4573
5949
1431
1519
6348
9397
2122
7270
736
9305
7871
2460
1686
4916
5749
7300
1085
9111
1338
323
376
7968
8315
3842
7756
2233
915
7333
9817
1628
1675
8292
1386
1892
6701
8592
5139
5862
1845
9395
7489
9461
465
6553
2248
4596
905
9173
4266
2356
5404
2151
673
7086
3397
2825
1917
3236
3442
6035
4734
818
4742
7697
5707
2561
4883
7259
8924
5819
9046
7162
9857
8947
812
9394
3729
7684
607
1272
1707
4781
5888
9504
3971
2621
1245
8368
2839
2366
6757
2045
6255
7199
9083
5379
3691
5454
1471
3866
2113
4219
7690
7787
2818
2207
9436
2409
6576
8354
4874
4326
7928
7221
4144
3895
6449
6441
1888
2227
9416
4739
2666
8381
1473
7695
5722
6793
8050
2493
489
9627
195
901
5634
4591
7540
2599
6391
9608
2891
7014
5847
4631
7519
1146
2705
5554
1870
9247
3938
3865
4649
4611
9412
9264
9949
7783
7440
5559
8471
8432
666
1575
1477
4421
5352
6632
1255
2325
3351
4025
6640
6807
2096
551
8885
3597
9276
6258
2466
2969
5166
9277
7818
9368
6254
7103
8083
513
8591
2268
9216
631
2024
6458
6843
5543
5129
5089
1841
5850
7213
2222
3120
9614
7736
1786
9862
9020
5781
1382
1121
9910
6183
6424
4303
3946
989
5154
5770
1091
6326
7886
1650
1669
7314
8723
8782
2368
8810
1832
1970
3789
8392
6381
8218
4711
9310
3877
8324
8964
5284
2300
4975
4783
94
1928
2145
6959
9053
84
1114
4936
826
8464
6274
1723
9564
4015
9787
4988
7888
4279
363
9914
9415
7191
5443
1544
321
1009
2744
8596
3419
5999
6470
6312
3643
5742
1517
4852
8698
1830
3647
6096
398
2230
4702
5464
5181
1671
9946
1111
4769
5719
967
5878
5517
7509
2212
8122
9771
1486
5
827
8743
1488
8851
6055
2740
2329
7923
942
9799
8719
5503
866
8311
5391
180
451
2136
9153
1197
15
1925
5704
3715
8871
8492
926
6455
9927
7280
9251
2624
6389
5731
1944
1795
117
3322
2635
7643
21
5314
2900
5697
1997
5971
6772
4250
3380
930
5077
3057
6416
4072
2843
8175
5657
9943
9177
218
6268
2631
2933
2174
6451
6058
1796
7465
6689
9252
8839
4828
9381
3836
5064
9089
9968
2991
9931
7161
5051
7774
8900
7797
6888
8188
3333
3927
3281
6951
5893
1377
7969
5918
4690
7273
3304
8752
2852
7222
5551
966
5572
7422
5183
5794
2404
6252
734
618
8684
44
2645
6246
9361
262
1625
3924
788
4215
976
3311
3993
1043
9440
1003
749
7037
2663
369
6425
6525
3473
993
8460
448
2572
5390
77
105
6016
857
8650
5600
8615
7441
6166
181
5180
2600
8523
2793
8257
6345
1843
4039
2477
3875
656
8948
7160
1754
935
661
35
3130
4197
8480
2242
8451
1252
3985
1562
883
6832
8611
6636
5729
2139
7550
7177
4505
207
1788
4866
7567
6471
6924
7349
3446
5881
9567
2820
5282
6064
8944
320
4689
1627
2983
6266
6212
3086
315
7910
3300
2093
8248
79
119
6622
6846
4508
4779
1736
3289
6031
9820
7311
7331
3107
2949
1403
4153
4766
6100
8984
1096
9847
2819
8946
7706
1093
2573
8269
7129
1868
4593
4827
6811
7845
2262
239
3508
1168
8804
9576
8595
7958
4771
6267
4812
7505
5012
4727
3373
6892
9849
3584
3474
4709
7359
8181
545
1548
9121
9553
2558
2246
4301
8435
7523
3362
4150
6276
6641
6815
7481
5529
2551
2306
6067
8403
7285
4325
6306
9660
3139
687
5455
8082
2186
8521
9572
9097
261
1050
1588
5630
1336
9082
1744
2564
225
1856
8941
378
7205
1987
4470
3780
3546
842
7484
8817
8338
9112
3299
7882
3627
5343
9306
5728
7745
8934
9398
2810
9045
998
6564
6360
6727
5796
3565
9926
4586
5832
8219
8481
5624
8846
2764
1679
9626
5691
4249
4422
9722
8696
5097
1424
8647
5346
562
3403
4848
7472
2099
8454
4549
8143
1134
1591
9179
727
1773
2
567
3326
1651
9695
591
6613
2827
9661
2829
9007
4354
8106
441
8366
9551
9012
1940
9129
8482
1346
6949
9800
4382
5194
8306
3359
8461
3526
3466
1677
8295
1510
7719
3681
7769
1118
4230
1306
6725
4300
922
3893
5291
7707
4963
2411
3987
2684
7581
2155
3968
3961
349
667
6539
3266
7235
5526
415
6339
3356
594
9473
8107
7560
1416
7312
3005
3122
1248
7692
4056
1040
2851
9428
2903
7267
849
1717
2614
7601
7309
4019
3284
2256
7207
4071
3553
1072
2326
8636
9345
469
2298
5500
9846
9065
2976
1936
534
5688
2836
3089
2006
7410
8135
8195
4058
5501
8938
1975
9239
67
9104
7934
8191
6667
523
7316
8117
3166
3531
3930
9701
5360
2907
911
2022
7023
5322
638
1790
7639
3290
8639
5052
5546
4515
4731
5428
2595
5466
2856
7859
9487
510
2704
5044
8035
7026
5478
2857
6721
1829
2287
4431
5710
411
3732
1670
2714
2662
8428
3355
4639
3336
5271
3577
5920
4859
8942
1188
1712
5655
1853
6713
5107
3158
2547
2865
3056
4644
9840
5525
4342
761
5575
9816
5994
9783
9354
6213
9426
6911
2505
4950
8540
9531
719
2125
7367
2718
7054
9527
9419
8487
927
2379
8589
2504
5033
1831
2556
3310
9062
1999
73
8873
3433
7739
5506
1475
4166
9613
9041
6243
7691
2330
444
4534
6945
4003
2365
5268
8931
8034
70
563
361
4555
828
1000
4855
1887
9753
2133
3462
1051
8279
3277
8092
1133
4211
187
5085
2734
2943
1618
9989
1191
5874
283
923
9774
6247
4924
4419
9560
5817
726
1647
4837
6740
1452
9061
4854
5160
5964
5484
8417
8358
4750
2192
291
4821
1021
9689
6862
4882
8060
1690
5168
6571
511
2092
3045
4850
8920
9064
2449
3837
2918
8393
1872
6453
7206
3464
6719
9190
2323
4223
5341
1209
5172
8229
3937
1101
6260
948
8342
6610
3645
3936
5260
2509
354
1017
5829
9002
5422
4231
3369
7136
1438
331
9915
7688
3321
6904
7423
3264
6841
6388
8274
2612
3233
4343
4526
3345
5091
8488
3090
8515
4401
8558
1652
9084
2713
1327
3325
9120
1223
3534
6537
3276
2641
6999
1993
3529
201
3845
64
2817
3497
3308
3731
5409
4977
579
6676
4567
9235
6465
1873
7530
328
4182
4884
6948
1038
7193
7305
3490
1402
2686
5629
3811
406
8390
5347
4053
2715
6828
2069
9859
2776
1585
9132
7875
1057
9561
6401
4620
9788
3656
5682
5111
4656
7562
1929
716
894
9206
1343
6588
9969
4486
3931
89
9952
6444
6749
595
6193
3614
7673
2585
853
6215
8758
6442
906
5086
242
8098
5976
839
5523
9101
8251
3174
5220
355
7653
2257
621
364
2105
2951
3872
6315
5981
1022
6237
4161
6128
7811
5540
4172
9401
9621
9071
7097
5941
807
9930
9138
4738
6858
7237
8657
399
3413
4819
2638
4208
8963
1624
1862
7432
679
1755
7151
9135
8134
9358
3156
9918
5824
2352
9152
9622
9641
9008
1963
9542
2830
5375
738
2034
987
2897
4923
6126
5844
1541
6668
2335
2582
56
9405
1092
1444
104
9959
6848
6896
9333
4784
4670
1726
2177
2073
3287
9777
4427
4243
5135
9414
8389
2959
4424
865
3360
5848
319
7762
8549
1476
1636
3029
660
8556
6123
1955
5876
1685
5236
7319
3133
2835
552
3201
6714
1325
81
7903
2407
6619
471
8187
3305
8026
6036
1857
1791
4027
330
5155
7146
1854
3269
7873
3928
7252
1948
6824
770
5112
1447
5680
7526
2606
2489
4151
1550
9036
4791
6675
8416
5277
6077
6104
8361
4490
9159
8967
4009
8066
6960
2320
8377
1113
2120
140
129
8304
3507
1808
7171
9095
3694
9509
8748
6966
6043
6423
8642
2183
4222
1269
9331
6762
6733
1606
5809
9653
8524
5411
9605
7220
3265
506
1412
7557
620
2043
912
7397
2214
7232
4895
7683
8263
7896
2646
3512
6989
6739
8749
9760
418
8918
5141
4381
5453
6292
3537
6466
4221
9204
266
460
2216
1684
8599
1721
8173
2628
8192
4504
7010
3227
1682
2322
7478
9976
8061
5723
5984
8434
9021
5842
8714
499
2389
3268
7842
670
9640
8528
7580
3807
3136
8071
9109
3950
9341
4847
1005
2847
6162
6544
3611
2588
9447
9691
3018
1637
9532
4104
1837
928
1492
7277
3002
2680
412
1886
9229
3874
3375
1761
4115
6492
7007
6483
7596
3853
4805
8762
2288
4569
9213
6387
3398
8444
3445
4885
2217
873
9764
4063
908
407
3943
4527
9114
4861
3102
5319
4521
9568
978
2051
8995
3097
1696
4831
8729
8388
7652
6988
8128
8879
7936
7748
760
6654
8761
3952
9814
7107
7001
5675
6187
5406
1150
3545
4092
2286
6748
9107
4824
3636
3489
4451
1742
2756
2199
6842
856
303
9607
1554
515
8929
6005
2148
2400
1907
9478
8468
6249
2790
247
6986
5782
4934
2608
5227
5226
7646
5011
5958
4942
6604
3061
4733
8222
3612
5274
5980
8028
5739
9724
6912
4218
9005
2269
2935
7866
9339
3650
4070
6066
5389
6132
503
8917
3054
1119
8383
4042
4815
7404
7433
1934
9512
8318
7443
8049
3463
2124
1905
6819
7468
1163
4121
7930
5024
188
453
4178
9778
2324
8520
6220
4729
4012
9870
9922
8546
3301
2579
875
9102
5199
6288
5431
7330
8512
8709
5065
3197
8268
7771
5591
5436
777
3447
1342
8397
5926
287
5121
340
2650
1498
5758
2618
9979
7507
3165
173
4322
9940
8320
3358
5496
1896
569
5195
1115
6968
9871
9850
599
9882
1753
4908
7040
7308
4780
2132
7264
1507
3087
3809
9219
2311
2063
5016
8883
8352
4355
2089
4057
5263
7782
6690
4321
8015
8788
8008
5371
2101
6795
3662
9255
5787
4131
7931
9366
2433
8227
6551
2284
6943
7884
3093
9348
3218
2831
1257
6069
9337
8893
114
2568
2725
4393
5228
8728
9977
1398
5799
9501
9869
344
2832
9175
6697
5693
1493
4185
3393
5609
6269
4376
4842
3138
5338
4005
1064
8004
6050
5377
9838
6321
8548
5581
9996
5143
5004
6070
7406
9470
3327
3173
4349
2327
7299
397
2044
5620
1715
6854
2369
1139
4187
8911
9458
2867
7476
2503
3354
5344
3642
6148
8013
7415
6344
9096
1689
4580
7357
6704
1339
5933
9176
2778
5324
8814
5040
9329
2281
5947
9241
8313
9055
6046
8754
3036
7418
4518
5677
1142
2781
2803
3992
6022
7491
6116
9933
1107
9928
86
8247
3651
9382
9819
9205
3026
2112
6658
4220
9438
2193
6921
854
2647
9793
7454
7303
4036
1202
7041
1462
4141
1551
8023
1910
8539
3263
1015
4312
6596
8437
2695
3418
5207
9671
6376
6068
9448
4209
5641
4400
6404
8854
1609
7710
4668
765
9340
2653
3616
8445
1880
5433
160
3762
7483
4270
6129
7735
3395
6172
5798
4927
7850
7324
2664
9284
334
8016
2717
1913
8210
2036
294
6106
5177
9118
8339
6812
8289
1075
1348
3404
108
9524
9134
1506
2845
9024
7776
5321
6460
7485
7458
2692
6569
1557
7192
7028
6443
2497
1813
7616
2658
8789
1145
6264
7202
5038
6590
2415
395
1427
5130
3665
6901
5023
4517
5035
6905
4281
3177
8750
4155
2393
6937
6221
3883
3522
3339
1031
1289
2516
7865
4448
2197
962
918
5079
9133
6586
2228
6972
6078
2226
1776
2548
1982
4041
9087
9453
8469
4469
5336
6324
3198
7059
4941
7897
9936
931
5812
7633
3653
8666
7862
3111
8778
6217
5790
9032
1333
8440
7247
2501
4939
1171
1097
1861
6630
1981
6851
4414
4782
9195
7699
2251
4724
126
5262
5615
7080
9550
6109
964
7994
8386
1059
3083
6040
747
8573
307
5646
6206
9594
782
3544
5762
6480
6377
2616
6891
5519
748
3181
4829
2464
5990
4682
313
2804
6088
4888
3169
9563
8486
4085
524
3077
3560
5008
5989
1785
991
4630
6612
1275
7965
731
3685
150
8755
9973
8801
5725
2171
1310
9589
7988
2960
3143
3741
817
1642
2435
7155
3332
6076
2533
5732
8598
4663
2478
9187
1116
5014
8448
5156
1581
4435
4536
7446
2637
2610
3945
9106
9304
5169
1052
2363
4496
2788
5764
3073
4314
9540
3679
5573
4626
8139
3551
1989
7463
7555
1577
7188
3826
9027
8575
9388
8711
7419
5202
5986
3196
3850
4289
2911
410
2003
4068
2642
686
6158
7393
2596
7610
7598
7967
5580
7414
7515
6902
2846
9821
8275
6741
577
3022
2296
8005
9068
7039
1319
2613
5769
433
851
426
419
358
855
9830
1850
4796
3001
5610
216
1153
3238
2779
4525
2071
4584
8669
4263
9321
6755
6782
6380
8913
1227
1318
3810
7622
2455
5061
8886
4164
6509
4793
452
1574
9741
7772
7544
6087
215
9658
9391
8909
2880
7680
3615
6308
1525
5679
5078
7804
4803
6786
8784
4633
767
6062
3894
4213
3426
1365
2254
4811
6330
5301
9010
1586
3889
1656
8726
7552
9896
8127
8032
2386
7728
1504
9971
3153
4051
38
5557
2041
4059
1909
4288
3570
3683
2769
7365
2206
2359
7092
5150
572
2801
1811
4441
5153
9686
3379
1526
7409
1501
4705
6291
9275
2858
8163
2589
6559
7240
786
3869
5036
1718
2152
3601
4967
1579
9841
8662
1914
233
2765
4438
3710
2669
8319
7998
8925
2480
8516
4687
4377
1973
3596
9224
1958
5302
4870
7630
6226
7663
9647
365
521
8012
9711
9506
6343
6515
1277
6060
2654
3914
1262
1056
5087
6240
8653
8429
3892
575
4481
4176
8716
4447
7571
1290
3857
401
9810
91
6831
874
2651
3408
9425
5633
5911
7730
9228
793
3774
4891
710
4907
3232
5167
2697
316
377
5374
1461
7355
2575
1278
8144
6784
9356
9326
598
5818
8928
8058
8409
5887
9790
6409
9997
6562
7977
1035
1081
6119
6547
7435
6864
487
337
360
8330
3630
7775
7705
1194
1626
8971
3803
1536
5173
2213
4654
9497
5447
6925
2862
3711
1285
4917
4804
5441
8473
2892
3307
7313
1971
7200
1800
4415
5037
5642
3785
8177
2901
9376
1018
2292
2085
2986
2934
1741
4747
4375
2593
5020
4846
3704
2783
4745
4282
8643
705
2870
1280
8164
4044
6609
6294
9835
8272
4210
5550
7053
204
3004
8999
9773
8346
4607
3849
6014
4645
1034
1028
7323
4718
8483
3569
7352
6310
1012
1708
6603
2898
4137
5456
2800
3839
3880
7911
3633
5425
417
4362
5257
7170
1752
5968
8310
1156
2441
4763
8983
3060
3552
5148
4539
1340
6502
9715
9343
1387
7344
8763
3979
6804
3525
2448
5066
9734
3932
2046
5265
2467
6935
7276
5944
6229
3273
7796
5963
7651
9698
3027
889
7166
5420
1375
8293
6341
7712
6866
6712
8870
5956
4575
1859
7035
8217
3622
7790
9872
41
3499
1941
7536
7475
672
733
4031
9964
132
4050
4423
8121
74
2066
4836
8314
4646
8244
708
4429
7501
1881
151
5210
39
2598
8986
3605
3452
5434
9615
6203
5438
6195
2184
4898
5018
6233
6108
5851
9970
3262
5383
9117
8337
3598
9942
1921
852
6978
4813
7870
8099
8266
9271
4971
1238
816
3772
5222
7826
4473
769
6080
474
4832
9687
4932
2164
5241
6125
1732
1180
7244
4356
2947
4179
1268
220
2446
9030
3034
2681
8137
3437
6347
6600
9905
65
6624
4116
7644
5784
6021
3515
1908
6691
3344
7096
1334
8712
3363
9972
9945
8547
9932
4717
424
8059
6000
6754
750
9490
1392
80
7785
7214
2910
490
4764
3882
8477
2231
6753
1123
9723
8808
6870
6095
9346
4371
7379
9690
7909
4392
1301
8078
3714
6489
9191
917
5864
9727
2531
896
1082
5791
7477
7088
4455
2673
8184
2265
5825
5451
5652
752
8626
1594
1739
2182
6209
2552
5470
3585
5176
3016
8792
902
709
6942
3734
9947
3984
3241
348
1179
5293
5471
3982
8949
3366
4067
4439
7694
8211
2844
1966
1164
7823
8717
405
2191
7363
9929
3973
8916
2632
7189
3995
8427
6913
6694
3799
533
8225
3628
4991
6251
9863
3154
1192
5472
5497
1616
5246
296
4599
2771
8215
5857
2279
6484
7281
259
1158
191
8479
7043
4830
6452
4571
4432
7462
4627
7217
8537
2465
3533
1889
100
3868
3229
5755
5289
8682
3206
1314
4241
8588
4214
2030
1109
2428
7413
2971
4951
8772
2652
5923
7077
4904
214
7003
9895
5721
2912
4913
3530
7813
8593
789
9307
824
1760
4073
693
8400
6778
2605
5366
4523
809
6932
6884
7069
3888
8029
3823
9212
9011
9652
7982
8935
4346
6662
603
2992
1497
6283
8699
4334
3822
3801
1354
8715
6939
1500
5499
5245
2167
1053
2966
3910
485
90
3723
6908
9559
7123
4636
9881
4238
7997
8076
2964
4357
1199
825
5435
3099
3172
7345
7558
404
7513
5424
2392
8686
6265
9298
6614
5828
742
3617
592
3509
1530
9210
3663
6769
1834
8297
5287
955
6726
8724
3720
3137
30
9953
4954
1383
1286
2278
1614
9663
3549
3667
4193
8783
5906
724
547
3610
8676
4330
6984
3179
610
6366
6898
7471
9199
3328
6152
3217
9555
3543
932
7038
3081
8875
720
1208
161
9309
6973
8154
1533
8863
8976
3782
9570
6956
2808
1849
4297
7127
1483
7669
1638
6687
4544
1604
5914
9269
1449
9743
3485
5146
4028
6657
1218
2097
1898
3209
729
34
5753
7083
9515
6790
1611
8891
974
1432
1152
6138
1124
5258
6680
7841
6408
7289
8953
7111
6561
9844
1952
2309
674
1977
3084
386
297
1232
1110
7275
149
276
6282
7561
2304
614
78
5666
4841
353
1688
5901
6844
1372
3253
4412
7542
3025
6313
1380
9379
4293
3838
3279
1388
6608
4497
5223
3361
275
8577
6160
6202
6285
7246
1329
396
9765
4945
3592
295
9574
123
728
4857
9994
7794
8859
8208
9630
3749
2694
8180
8665
7250
8073
880
1066
5627
4550
2752
5746
9168
779
9967
6051
6953
2157
6526
6156
5057
5092
3764
3043
5705
2841
3105
6750
627
8713
3528
611
2058
8042
7685
9075
2245
4465
6845
1659
46
1590
3676
1699
4173
4096
7494
578
4064
4130
351
8326
3160
442
3220
7071
2001
5533
1044
5590
9688
4577
8813
5256
8899
2567
9451
717
9248
8562
737
1178
3901
8508
200
2767
8382
805
6287
4442
6245
8105
3278
3484
2876
6140
2056
3555
5771
2968
3272
6107
8574
1623
3378
4043
4655
549
3666
4538
7937
757
8988
9128
5909
6075
5553
3881
9432
1397
663
8830
6736
699
861
1049
8652
29
2716
4413
9236
3861
72
1619
2885
4546
7893
1559
3505
6293
6631
4091
4658
7372
1323
5718
4366
7473
8620
5801
8325
1592
4992
7668
8457
3502
413
6499
9925
3285
5778
5294
1078
4054
7955
2741
2375
3213
221
1374
9703
3186
6319
9359
8553
6357
8223
8126
2629
4775
8805
9119
5582
3091
3576
946
2000
3058
2667
3422
3171
6717
1077
2722
745
5814
7940
4397
7584
7885
8617
1960
4347
3582
5162
146
2109
446
5966
6517
125
3513
4272
8241
8527
1702
7511
8003
1697
564
2502
8670
8206
8822
4537
3629
8090
488
4149
6334
7078
4134
3770
6127
7262
4426
3249
3680
8153
8131
8039
9013
4361
5398
3258
3750
6394
3069
4198
6584
5616
9180
4685
9519
8378
2180
8002
5361
7141
5943
2080
9894
6189
3309
1100
794
4509
5894
695
9625
3117
7737
2194
4585
2361
6164
4017
6008
3918
7855
5462
1379
5119
3498
9672
4643
2243
3470
3011
5013
1735
4712
6114
4903
7230
833
5775
5144
7829
8576
5628
3655
7802
8565
2656
6472
5312
7863
6412
8199
9211
7382
7851
8836
5419
943
6909
3713
8284
436
8700
9220
2755
8316
7751
3913
3899
1360
4648
2377
4540
8129
6847
7535
7268
7209
9429
7048
3575
3411
55
3518
2724
5527
6177
7100
5673
7460
8876
2535
5950
6890
5359
6047
7952
2929
3658
7018
8992
8401
9775
8014
3586
1827
2648
2104
9161
6405
3948
9192
2948
4430
5584
8363
2939
3692
1649
3671
2485
6482
9897
2479
2749
7604
9635
4865
5412
9052
9371
2791
5362
381
8413
5027
8732
2528
8115
4341
6767
9828
5542
5244
3381
9015
6473
2815
5032
7949
6734
6091
6481
2701
1425
6520
5382
4078
9725
7426
6200
7619
6029
7621
5099
6437
9708
3157
3831
4688
7924
7725
2025
8196
8336
6262
960
715
2450
8065
8216
1291
860
8952
7181
8299
862
3923
4310
4520
8040
2840
6963
8612
3125
698
3063
1157
7614
6501
526
6025
6530
1253
500
3387
9492
3695
3448
9484
5427
4699
4111
6510
1897
6522
6806
8011
5998
5683
4167
3736
332
792
8800
691
9124
4609
4340
2391
5219
1298
973
870
6232
8133
4984
8240
5636
1160
2098
1409
2854
3855
128
4157
9837
3480
7337
5654
4485
9578
9496
8041
6188
6241
3815
9080
8685
5905
3574
848
7168
5214
6295
6838
8344
25
9829
7506
7966
1151
5465
3146
6597
112
5972
8296
3051
8607
6364
5400
1750
5081
2520
3162
5333
609
4175
257
2239
2385
3699
8560
1341
3148
2543
4625
5604
6883
3878
6304
2780
5074
6799
6495
583
7374
8037
342
7266
4574
3324
9150
6094
7190
7004
4351
8491
6581
2343
2550
9162
5792
7656
4581
4313
8102
4767
6859
5308
3719
312
9991
1851
3721
2977
7027
9879
8550
8467
9386
6371
546
9403
2442
2956
8882
6625
3394
464
2429
6661
6889
3376
2371
8646
102
5161
3648
3478
1138
8757
548
3602
5709
5854
9834
542
3031
9980
3595
6552
5323
5275
6663
984
743
6296
980
6835
2438
9521
1378
3795
2035
285
3797
2481
3429
514
1136
7906
6629
1024
4856
3756
4725
6850
8391
2649
2205
7569
2995
6777
8442
1010
8668
5109
5826
9422
5221
9413
4408
9823
2247
9962
8406
8660
3259
4911
2273
3211
1371
1668
4691
3118
977
1361
9984
2861
7248
950
4675
9665
6532
8594
9387
7148
9824
3916
3557
3870
2584
605
9256
1613
9042
9003
7466
2234
9399
5922
9466
2634
6565
3202
4944
4929
60
1942
4007
6560
6450
6516
9611
2974
3444
1943
2200
3109
2795
5417
8621
8033
2373
6836
6523
8812
157
3579
8695
4529
4786
3365
5903
5504
7185
1008
164
7201
1216
6541
8649
3240
4736
3140
2873
7271
8731
5209
1951
6965
3623
7575
7723
561
3075
5674
940
9913
4740
3417
1201
8659
8675
574
7832
8850
5555
9705
5120
815
5607
1190
212
6789
3176
1879
217
5946
2204
249
2750
4136
3707
8701
5213
7133
6434
2211
8335
8533
762
5592
1882
5073
5985
7732
7256
7286
7164
6248
3020
8178
2787
9955
1819
6305
5571
7215
1658
9545
1464
5325
2760
2855
3871
6720
3975
153
9026
1261
6006
8
2310
5560
7720
7917
4069
2784
4524
8858
9273
566
553
4582
8511
4809
7606
3640
4851
7090
5385
2833
4547
4242
9025
8484
1918
6617
3561
3370
54
7169
2677
3252
4989
9736
8926
2039
5131
458
5485
2954
4425
7743
5458
9619
7650
9744
8089
3128
7980
7143
1714
1137
5531
798
8826
4088
3613
7436
5740
4101
5561
3096
4737
2294
7358
2921
7564
1954
9208
375
7939
3873
2703
3454
2494
3357
7827
3856
9313
8189
7987
640
4969
9163
463
3476
9548
6591
5206
1877
2014
744
2498
9963
1558
9855
5811
3245
1945
1801
4995
9541
4834
1205
1894
6179
7364
9268
7383
5871
5940
3257
45
2380
5415
1719
7629
7115
4403
336
5082
4127
9057
1089
1332
3742
3019
2128
3556
6072
9040
9334
8658
5142
5618
5320
7498
9742
9320
5757
5001
2899
4565
4475
3631
4872
7954
5019
4757
1672
3044
4605
5605
5493
1793
6352
4900
9148
9270
2108
802
3469
4395
4957
8498
4399
7245
8405
4010
5896
7362
8985
5413
7353
3804
1337
1528
3315
4820
508
4335
4697
1489
9580
8624
6083
101
9903
1769
5100
7970
6198
1214
179
8915
963
3593
604
8151
244
2620
6879
3234
7986
5512
753
8771
9668
9709
8838
8677
4212
8103
2955
9624
1454
3495
886
7682
1728
1154
6278
5930
5030
2563
4669
6955
6236
2201
9699
7784
8070
7453
3572
3101
6155
2953
7070
9182
2797
7702
7635
9728
6363
5870
6655
5031
7840
3364
6644
7678
1774
3778
7448
9535
6120
3460
1023
8462
8725
9738
7233
3820
1410
8509
2643
186
5178
4049
5547
5676
167
470
1720
8075
3540
7425
4790
9363
5358
438
9861
4752
327
9827
8379
9433
8887
4252
95
6875
9070
9156
7272
1069
9860
1229
1543
6421
1175
3190
3677
1204
8068
2282
5868
4379
5613
759
4133
2849
6214
9280
2590
1990
9488
1556
3693
1799
1007
8582
7398
3410
8847
4906
832
685
953
847
8706
5212
8744
3189
7184
3989
4446
904
9600
5387
9832
4463
2928
7800
4500
8345
2560
3349
7179
7174
3686
5009
3745
5579
1949
4106
8329
4765
1094
6191
665
3372
4858
2731
1984
245
263
2083
9958
5022
3672
9522
6573
1234
4909
1608
4808
9481
5748
7019
8472
7163
4109
1968
4093
2350
2134
4794
1231
310
9060
9557
8525
6476
6351
8458
2486
5416
6794
5855
9378
9147
5364
76
3724
1610
6549
9675
4011
7761
9616
3021
3846
6792
3350
937
4999
7820
4787
2915
7062
9654
5205
3990
9581
4275
7844
7895
8394
3492
7120
484
1435
4826
8957
9617
3205
5054
4864
2353
7570
4840
6390
8052
4947
478
2347
4568
5993
9917
3819
7325
2427
408
8609
3195
6635
4444
5938
2994
754
203
2962
27
7742
9939
1172
725
3792
780
2042
1731
2458
5498
587
9818
2580
8418
8702
1465
2554
4844
9467
1193
6118
5029
6399
8538
5303
888
1818
5342
3340
3833
1103
2357
5706
1307
8563
8707
8495
1986
6448
3996
8619
9747
4918
2057
9494
9909
9518
9260
5444
6646
6281
2198
965
5823
271
1381
5733
3817
1357
3725
9503
8740
3477
5877
517
9286
7197
1328
2896
7447
5225
8705
9421
3330
3230
9692
1436
6664
3037
6991
9924
4029
7371
7972
4268
7326
8583
4640
7145
8031
9170
6111
6897
1582
8470
7722
5895
311
9081
9056
7693
584
4894
7708
8633
1630
4721
2318
6771
5137
8174
2506
9679
1062
4664
616
143
1838
6410
3620
6346
5405
2944
8648
8681
4867
3098
288
3744
3260
4097
7963
2100
723
1527
2682
7920
4040
4443
7361
8282
2894
8654
9569
4890
9866
7892
1919
2619
9465
4274
2492
909
3103
9330
8294
975
7541
252
4770
6165
9873
5834
4835
1847
7056
9188
8096
4621
131
8506
5720
4174
2777
2737
4949
7291
8496
9351
208
3841
459
9155
3516
3504
8770
2362
4464
1274
6459
9186
2285
5432
4959
8305
2463
7649
9476
3654
2258
4090
8571
3758
7464
6097
7901
6994
5093
3432
3479
4283
6478
3835
9319
9791
8903
4686
5407
3891
5295
9409
6456
7253
7297
429
3243
3860
51
6992
3214
1076
8987
2941
2090
5716
5883
1117
668
1414
7848
3675
7480
3066
2837
1600
2625
8840
7407
2229
7731
502
85
8631
7327
5928
9471
6730
226
7803
623
2565
1570
6839
5184
6464
5421
568
8742
988
1001
1612
1239
4038
7386
1560
7563
9803
9474
9805
3431
4637
2218
229
879
4126
2131
1603
5545
5007
246
694
5593
8046
681
274
581
2424
3392
2076
393
7142
7149
7052
4879
4802
6985
9185
3338
4759
7527
5808
8278
7661
836
7063
8047
6781
6009
6837
4921
5233
4869
5053
9867
8155
7853
139
6670
6314
6139
9172
4914
7877
6223
1747
9350
9990
6020
66
8237
6618
235
2313
1087
5285
7072
5128
3112
5048
8604
3559
1282
1729
3400
4681
8064
8541
6868
8545
3532
9094
9795
2430
8959
3244
2996
5632
1131
3261
9935
2440
1509
4388
5075
2053
237
1787
1305
9539
859
5996
8276
5429
528
7263
1833
5188
8694
1869
7861
7676
1693
4728
4720
4964
6582
6738
8697
2143
2728
2617
9732
9222
5388
7116
1523
9517
5182
5806
3511
122
5000
5651
7837
3046
2079
5979
648
9678
9680
3967
6170
8645
1537
9435
8214
7667
688
3493
1883
5955
1122
6151
4838
7109
3455
2332
4417
837
7556
6182
7792
6519
2532
1621
9308
2163
2160
6529
3708
7396
1779
9486
8404
7624
5448
6122
7079
4292
4256
4741
565
4387
4901
622
3491
4606
1225
318
6774
3824
6752
3399
791
6018
531
449
2930
1112
155
1451
5837
8896
6115
9573
4966
1749
7631
1281
4194
280
5189
4276
9372
1991
251
6379
7565
5394
5187
7229
4396
493
6512
6184
4124
9077
4493
4386
3100
7474
4123
6337
903
669
5754
8737
6403
9934
1070
8147
5536
5229
483
5585
113
7165
7854
7752
2958
5797
4259
1335
6494
6535
9696
968
3282
8608
9016
9207
4647
1296
4778
6085
3465
1467
4617
6779
430
5908
9434
7721
9139
4095
7849
8640
9125
2396
7942
4660
9806
1036
5859
2789
797
9717
5300
2111
9393
3007
4145
116
2250
7810
3052
475
4190
9843
9423
7799
8204
2432
5919
5891
6536
7658
335
4635
6039
8081
2349
1308
3624
7825
1593
5747
5961
2721
7549
4117
835
8300
6746
1270
4557
3912
1027
5672
1206
3151
4329
7793
1135
6327
2341
939
4953
394
8236
3851
5015
6934
8020
6300
7922
1369
3116
2508
1576
8072
6702
1899
9383
2879
9912
696
6019
8145
6402
2785
7757
662
9226
944
6318
5060
4722
2711
6683
7225
5715
3649
9410
9682
8651
8426
4216
2562
8760
3314
3591
8585
5671
2913
7900
7975
5830
5269
8179
2418
7302
9868
5713
5667
6081
3451
1792
3145
4749
2374
7288
2081
7366
4930
3986
1080
9507
7006
9887
2496
2065
6474
864
6349
2987
6204
2209
8554
876
6830
9786
3222
4507
3739
7671
7239
814
8872
5945
1439
8091
4306
1900
9217
4751
8212
9037
8597
8552
7456
8431
2308
7139
8889
6642
2004
8823
1287
380
2848
2469
43
2009
3947
8914
1183
3942
4229
5096
3788
1161
3423
7808
525
7898
8399
7400
5098
4102
3033
4295
8776
110
5442
2422
1173
8062
6373
2902
9842
5005
2028
4692
2307
677
2809
5524
5328
8235
9628
1617
6554
641
7814
2420
267
8544
7482
4479
2232
1079
9757
9480
1629
2544
3108
3786
1195
4732
6234
9122
3589
3142
3751
4940
6599
8323
9299
409
8874
4258
2938
2114
8993
9430
1426
6611
7729
7985
8186
8243
5743
8499
4114
3
1634
2333
2383
2726
3159
9586
9712
1074
4204
1835
3221
2763
7559
5804
2963
1569
6910
9160
8880
1979
388
6579
9221
8842
9289
4603
5558
4385
7914
9287
3335
1645
6930
9342
5108
4139
6660
702
9214
7899
5327
9218
3538
6585
9196
3071
3652
5595
190
1961
4079
9279
1937
324
5750
4657
9908
177
1264
4641
7887
8536
5307
3661
899
3641
8751
1084
1823
1421
5726
2413
7576
1502
4234
7138
1531
2291
4345
3684
2671
7869
4183
2154
9144
4795
4519
505
4880
9714
4570
5789
1805
7373
6652
2549
7566
5259
5489
7459
9851
3859
2170
3371
8441
4938
4723
325
4588
8270
2178
5095
1210
4610
36
8637
8190
3790
7801
7703
5402
7979
7203
9528
8710
5959
732
509
1484
3406
7857
4902
9948
8138
6056
8534
6431
8825
2075
6113
2742
3843
7255
8956
957
7036
8572
8860
632
2141
5735
7876
7777
3082
919
8149
6818
2578
811
5191
3053
1487
1724
5276
2328
9232
8207
9018
9396
6207
7504
148
5763
9485
8362
6627
9028
5711
8412
5017
3250
1716
7634
6436
3200
6542
1842
2002
5469
8054
7605
5717
3003
1962
6440
4331
1765
5088
1230
8919
3135
7508
9880
9920
647
2378
4774
9335
309
7904
4298
3488
4265
7227
3779
2812
2061
6737
4972
1902
7254
5703
756
403
8171
8529
8663
7612
2601
6135
5396
6871
9100
4203
6877
5745
2321
2640
1916
4013
7030
2559
1596
2874
9579
9645
1237
2210
5520
7061
3306
8877
890
3981
9242
8954
4105
4674
5967
5948
3700
2102
8087
7430
250
3141
5110
1602
2166
7990
649
8769
256
7525
4154
8093
1743
4816
1283
3334
5224
8485
9031
7502
3246
4483
4719
3472
7839
2119
3383
4726
2932
9785
2087
4650
1331
6957
1725
7307
7675
5046
1226
8308
5934
7094
2925
2739
9066
3030
867
6454
9642
5663
9355
4200
7538
8447
6054
7587
420
3854
9646
7874
7786
8878
3188
4553
6235
3921
9495
6873
6671
5242
820
7662
40
8923
8396
9649
4315
346
3926
4370
253
7385
1722
9385
6598
4777
9259
8828
644
3862
5599
9086
3134
1499
3450
9900
7487
2138
8111
4494
2336
8837
8156
1920
7809
2546
7104
382
3705
3297
8198
1983
5243
4224
5744
5760
808
5114
6052
4452
5960
4260
1300
6607
8193
4360
3436
7249
3768
238
2116
8799
3970
7031
4402
6724
6174
2305
3847
4284
4976
4152
9811
5255
8056
530
5800
3416
6244
1251
5124
3009
7424
273
2541
3312
3106
322
3121
1571
306
949
4629
3980
3550
2047
384
2276
5215
4704
9610
7981
1185
3064
5354
9267
2691
9183
6578
3415
2387
1108
6385
4579
7835
7429
209
9756
4240
1303
1816
236
3664
4420
9291
3113
4760
1522
4892
374
9752
1184
2940
4818
8505
6856
539
8606
9884
6457
7717
1631
8490
5239
4886
608
1704
2719
8453
4309
243
7417
7067
9441
5765
2877
3813
9704
6699
9353
6557
9978
9666
5380
8024
8683
5158
6563
8118
1821
8835
4628
5254
3954
7350
3519
6887
2490
8768
6219
2736
774
6194
1071
7944
392
5681
2367
5535
2219
6527
6916
2215
7009
8152
5752
5665
2685
8317
8116
1228
7153
3193
5623
7236
4665
282
5452
1552
4710
1207
7711
326
3634
6079
1904
5640
2117
9975
4530
7318
2283
6946
8908
5355
8119
4055
7608
5637
7444
1598
9035
6325
7154
9919
6169
9445
1547
7758
5889
3717
6003
9325
1700
8802
8108
2103
4138
8688
5578
5924
7734
6521
1601
9420
7919
7434
1055
7679
9164
6428
6775
7029
6681
2539
8735
7173
543
1994
163
1271
9246
9710
4113
457
2519
4616
8765
9357
5034
4225
7178
7405
4255
4981
4905
2770
1924
4440
6320
9891
8183
6962
2390
5900
9437
787
3564
8982
9954
4239
440
3571
8228
6997
2070
1220
9833
1273
8264
5886
8779
6722
2746
652
9673
6833
1458
2895
1177
914
5105
6920
3517
4359
5724
6301
9590
1974
7156
7672
5793
5508
1104
6605
2733
2521
9311
8097
9525
4700
1825
292
5962
7186
5664
7428
8376
8605
821
4308
9877
5685
8030
8057
8136
5563
1147
3008
1740
2064
8818
8678
4199
9629
8974
8433
7879
3461
2398
3275
1691
9593
9906
995
1865
6958
5266
925
3644
1622
9295
1485
9126
4147
7816
4304
8360
7577
1313
6099
2762
9450
9886
8067
9197
2512
8722
4048
776
3270
2583
10000
9044
1980
5159
3040
8890
2267
755
8831
920
6384
5279
5198
4294
8249
6507
4196
7788
4052
5602
2190
6150
2412
5304
1733
6163
8603
7242
4671
7223
9950
9782
601
624
7916
6273
6787
9804
7603
8753
7738
8202
4652
9367
6398
4128
141
6695
28
2850
5727
4148
2185
9981
4578
368
8994
6355
3920
8502
9746
6929
8864
7746
481
2414
7543
7597
4806
8172
5372
8559
707
5408
6550
7858
5803
9562
6572
2339
2007
5309
2806
7872
3503
9999
7984
6367
4594
5392
1662
589
6936
5698
7589
1293
7234
7421
4437
2636
5902
1967
5619
3821
4235
492
5216
2814
5113
7645
5145
8425
2008
8795
8063
7126
8557
9754
6311
9443
5838
1367
9369
9740
680
8857
4364
8167
4299
6042
9921
9038
5912
1463
2032
7779
6801
2660
2263
302
7020
7763
6145
3443
735
152
5648
7228
6917
8463
7008
8815
5204
3152
6602
4678
8513
1931
1400
634
9890
2127
3449
6433
7486
3483
2472
979
50
1891
6238
2881
7495
9505
4935
7579
5612
8446
1406
293
136
184
9983
7159
518
443
639
5635
8364
2557
6218
9656
385
4817
9017
7925
7034
7578
7212
2314
8194
8224
17
1810
8692
4201
3919
431
2859
5982
5230
5992
4512
2274
5815
2698
343
7391
5931
3590
8001
4267
5977
2013
6317
1155
1350
138
2360
9937
3791
7912
1243
9201
9543
2534
4332
4488
414
6090
4391
2354
9644
5689
4758
2676
1553
2264
6222
819
63
8687
2403
6178
8230
2807
5569
4619
5393
269
5332
4919
9093
6919
22
7315
5939
5240
2920
6002
2012
5071
6650
1757
3670
8600
6322
4264
7294
2980
4132
1292
8209
5140
1923
6199
2866
4472
1620
1607
8998
4192
6665
5186
4506
3384
2405
9888
573
4676
697
3618
9650
8774
1959
8302
7956
4480
1482
372
8734
3974
4983
1763
1926
4799
6338
2661
9831
1738
9301
4768
4021
5062
9556
3013
5414
4251
5507
9048
7770
1683
4922
2927
281
1422
8644
3194
4026
6154
2888
704
768
1167
6878
3738
6971
4843
6192
2384
9529
585
7172
6628
9390
1737
7636
8341
5822
5348
427
9592
5492
1132
2487
2570
497
1666
9131
462
1411
7167
9911
7106
9916
997
3796
1663
2451
6487
172
850
6242
1734
1073
3144
1140
2967
4246
1267
6144
482
2425
2688
6175
8940
9923
2023
1950
127
1455
6167
5437
3164
8018
5621
3092
2950
1992
423
2627
5480
7947
8532
5849
2890
9759
4730
9941
5165
174
264
88
2060
2437
7339
3391
8109
6485
2957
9974
9620
5315
8507
9685
5334
9762
646
2181
5101
3776
1014
1265
5353
9836
1583
7593
1090
1535
1771
2798
8613
2729
3343
4477
7889
3798
8157
4066
1767
8628
5869
3468
6419
170
9547
7670
1599
6756
8514
6829
4839
7744
4552
3247
9898
8703
8234
1508
1836
538
3237
7807
9684
3619
3887
655
1141
5231
2887
6816
9088
8945
7152
9424
7572
9137
9636
4653
4868
9595
2142
4016
8587
700
8267
9523
626
8085
9761
1212
1903
2581
314
4390
1258
6227
6745
366
8680
6979
8793
1
4823
5249
4965
189
714
8991
8168
7591
367
1572
2997
3028
5491
2883
8415
2884
6566
1321
2106
2029
1450
5714
171
3727
9808
8095
1126
8356
8220
4962
3844
7582
2115
8759
7044
8906
9716
2842
7689
751
1532
8627
6141
4516
1932
4845
1042
6134
5873
1048
1399
231
416
5910
7537
3225
6732
2225
1542
8494
8580
3341
4623
9957
9439
4416
2679
1895
6692
9243
3104
5975
2811
7000
858
1127
9848
2312
4695
6808
9677
3906
7534
6708
227
6137
9993
9283
8380
4445
7392
3771
5316
6333
3303
8535
841
1166
5756
5292
5486
6
1187
9769
6927
6759
9460
5942
4156
3041
5836
9113
6505
4112
6479
3763
9601
4307
3998
7834
1644
1165
2110
1864
5305
5423
7
2176
7122
7091
9059
1351
1783
3329
6121
3389
4319
884
2319
8519
6393
3816
6468
5457
2342
9225
3917
9085
3458
2408
834
4562
1174
597
357
1032
7110
4022
5927
1840
630
1047
7258
6488
4634
7620
5645
4899
2523
8746
3302
8794
3219
5134
8101
7068
8373
3580
6684
9272
2571
6977
7833
2537
5660
8301
678
4081
3794
8369
7356
4035
871
71
3988
1511
540
5401
741
5865
5495
7647
7310
4956
7798
5267
5104
8510
9998
4336
8570
5217
1804
8766
8832
6173
9332
9878
3215
2040
9889
2054
4513
4339
8679
2886
5170
8038
2266
8969
9000
3562
810
2331
3594
6606
6961
9961
1459
5125
7599
4590
3457
5403
4296
658
9098
1295
1391
6594
7880
8590
4672
3728
7257
3548
168
2587
7340
537
6400
6112
2657
8262
5564
9733
4037
1242
7781
2253
3331
6015
3072
5611
3864
7961
8922
8283
7335
9729
1086
4563
7224
3438
9604
3965
1681
5446
3783
5528
7416
6461
3701
9577
4974
675
8629
6533
6332
2010
8764
868
7632
804
8142
8833
8419
4862
6504
3951
5010
7973
887
1363
3283
5340
8775
3313
2476
766
3639
6375
4873
3578
7322
4269
654
5650
8077
5885
4889
9090
7105
480
8331
4075
6814
4411
5511
4608
4286
8265
6462
5311
7183
7960
7648
2909
4548
3048
3129
7114
1824
9988
6181
3510
9023
8146
8430
8504
8355
2982
9202
3754
4990
9336
1407
8478
5298
6893
6915
3382
8086
5935
7983
6742
6216
3765
6336
3223
6089
2710
3296
4501
7390
4457
690
7182
8455
3969
2355
2316
3295
2272
8972
6534
7657
8708
6947
6073
2745
2597
8632
8489
6491
9637
8895
1445
107
4237
7766
3669
8327
1646
5197
8019
1978
803
5003
6709
1423
9669
6926
4122
2452
5200
3204
5252
2162
1518
9726
2860
6998
3777
8256
8844
1144
2382
8359
75
9400
8160
3524
2989
9014
3994
1915
996
7817
4822
4928
1709
9960
5211
1312
7112
8125
6601
8443
5537
8693
6272
9575
3599
4060
1352
4107
6813
2611
2530
1309
8861
8530
1789
9852
8205
6446
4118
6131
7836
9157
5786
7369
3293
1969
3991
7081
7894
1927
898
9292
9431
657
9303
1385
3412
4748
6013
5476
1347
2052
2730
5313
570
2878
9598
994
6899
9713
8182
7073
9520
9530
383
4499
7618
4410
8036
1297
2708
5487
6417
6923
5846
2772
2474
772
6735
3997
1030
8290
8334
7524
3367
6413
4788
400
7926
7765
3039
559
7098
9290
7370
586
4632
1965
4098
9499
7194
3178
6980
6057
7368
3337
4707
2670
8898
1555
3074
7346
7479
1995
3583
8281
9813
9794
1419
6698
4482
3023
6037
4559
1418
3806
628
2086
7317
6353
921
2150
7586
5897
6821
210
6715
958
3963
4358
2358
2431
1643
224
9265
9664
557
7158
5810
5490
329
7089
6225
5025
6983
5174
254
9266
7032
6528
6761
5845
8820
8634
7128
4389
7760
4960
5247
6731
3769
5617
2175
5785
3709
5661
3718
650
9103
2524
795
2622
6964
6933
2875
771
4955
7520
1235
892
8113
19
4920
6201
4825
7522
8905
5774
4801
3168
1105
5117
8395
3078
637
7959
6356
9302
6705
466
5310
5116
9508
3903
4062
7626
2453
5510
7360
5370
9901
165
3076
1852
9537
7024
4348
6290
6361
5522
1039
2173
9477
1605
8474
8285
3962
7321
9449
8402
278
4680
7384
8351
5288
2604
9751
2759
2700
2712
6149
3682
9069
284
3180
8819
929
1766
913
2675
300
6895
5122
5687
48
4084
2072
197
7180
1797
2447
8021
4460
4449
1540
6439
5892
6271
9001
970
6316
6023
2123
2255
600
3500
2709
1128
8618
5515
5574
47
8747
1780
8888
3402
7623
9231
6723
7287
5544
9876
5058
3886
3038
4961
2055
1246
9029
1976
9965
1013
3155
1751
1665
2805
9051
2908
8955
4618
9257
6874
2062
2751
8807
3668
5430
5562
2074
9498
3925
2500
4407
3280
1472
9297
260
2059
1678
391
9209
3042
6342
7496
7210
7878
773
6570
7046
2774
2238
7868
6796
5056
1065
6429
461
4024
7554
3678
192
5662
4253
9145
6633
2961
6952
9054
3848
2202
6882
612
5381
4572
1259
1758
956
162
3292
6298
1567
5957
606
6286
8048
2026
9603
3527
7516
6041
9380
7135
5647
1067
527
8158
8866
3915
4034
9585
5090
1415
5538
3863
7962
5445
6074
305
712
2946
1667
6110
8718
8997
3475
7195
8811
4135
99
3095
2388
9987
7470
7768
9904
6981
7908
3430
3132
3070
9670
5983
3830
4061
5369
746
3743
501
7025
3441
9091
8673
1964
1565
9009
5192
8526
159
3014
9296
1198
4694
8349
2027
103
6593
1641
2241
9748
3226
6524
6101
1428
8849
3318
3939
7806
455
5598
496
1496
6026
198
2454
5102
6157
1478
3703
6548
1759
8074
4560
3581
7750
6303
6368
8806
9349
4146
2655
7995
3978
3386
2037
2775
7328
2515
31
3755
1284
5193
3558
8420
3274
390
9534
2394
6900
9365
9583
9565
938
4100
425
6414
5047
4912
2510
9683
1802
6729
2376
5813
7891
1376
3439
4667
4171
8968
1169
9323
2277
6445
983
507
9223
2088
8586
2135
8852
4186
9807
4125
934
7002
7741
3199
3964
6284
8584
2936
9
7881
5576
2978
3753
3123
5973
3722
8253
7377
3024
2545
8162
7420
7609
437
7828
4542
4065
2019
6277
5694
2792
2869
1703
9618
1632
6656
3702
1016
4000
6427
6653
1491
5987
4604
4077
7411
2674
5151
846
4108
6863
9966
7431
550
6872
4987
7204
3453
8424
8809
5163
2344
3733
6086
9281
9643
7021
2179
8114
3905
1453
2147
3456
6513
8979
7427
6323
6382
5882
6508
5345
9110
9370
6621
5518
7082
7545
6208
5863
2021
683
7125
9702
2421
5670
5234
4353
4595
9582
2757
8410
6211
6707
615
1817
7821
2299
1326
3840
8869
3050
8333
1826
2999
6941
18
6852
4952
4202
49
2706
8821
7219
1213
4996
512
2483
5890
2872
7354
4931
9839
7278
1063
5532
2813
6849
5622
8250
7611
541
3781
6825
5237
8950
5556
9674
5043
9822
718
9995
4228
7595
279
3062
3067
3730
1182
9092
4980
1922
8414
8569
1534
9384
5273
1211
1181
4807
13
2693
1068
3793
4683
9491
6004
1815
8408
4160
5349
682
6797
7005
6228
5157
4642
9951
4978
5639
3347
9662
8777
3606
7119
1635
2078
7607
2161
7461
3068
6672
2094
9418
5549
4454
2602
1404
3637
6093
9566
2419
1106
8309
1186
9360
5899
2823
8280
635
4189
4943
9146
1846
7057
8365
1159
6659
9982
2049
4713
1814
986
9169
1748
9700
467
992
206
4006
1939
2732
4467
2834
6993
3420
5185
4018
625
6770
9706
739
3424
8353
5331
2434
3748
1233
8476
9694
9200
7951
178
999
9587
6001
2979
3959
2889
5953
8010
4086
3184
2401
9324
9194
3825
8730
1912
3187
1956
689
8503
7583
9317
2068
1957
7700
722
2952
9493
9809
9402
6711
4761
4273
796
6142
5103
8421
2699
4468
4600
8233
147
3884
1362
1692
5898
1417
830
5299
2196
5449
1356
8303
232
6045
7176
7452
3435
2592
4601
6976
7042
2015
1196
5264
3124
2576
2644
6028
472
2972
6682
4365
1263
3688
1946
7978
7261
2315
3405
5261
4589
1521
629
8161
8084
642
8884
1794
5248
5831
3348
9825
7666
8231
6354
9514
5473
4744
6329
1597
9554
1224
2252
2005
432
3496
8169
676
4461
6475
1855
3587
6275
8517
8720
3554
4532
6426
651
619
4887
7852
3471
5196
9233
9446
4753
1680
3907
6995
5767
9469
6065
2720
721
7860
3885
2975
223
219
8965
6589
7022
3015
3867
5925
3459
8796
1359
8439
7585
8159
445
6372
1938
3115
1713
3876
9801
8910
1189
532
1460
1244
7087
4514
7045
7140
9798
2340
7974
265
6666
2082
7574
6685
9500
9463
9050
5820
5692
1524
5936
371
7600
3207
37
6673
2794
8123
3767
156
8610
7269
1396
596
6044
5929
6803
5759
9907
7696
9763
8259
1595
2395
9655
6467
8756
4638
2626
1434
4915
9721
4495
8006
8943
9623
8112
8312
4020
6010
2689
6302
4993
4
1370
4181
1469
8398
4367
3085
1479
6257
4008
2410
5879
4958
1299
5463
3407
299
959
3944
6497
124
2236
3396
2926
2249
1413
2871
758
7408
7099
1215
9826
3834
9631
7927
1687
2208
8000
711
8148
2577
9454
1394
954
3818
775
6906
2495
4677
4583
5659
6007
4800
3766
6764
8951
4762
1457
1538
5736
8371
6970
6798
1901
5773
9634
3535
2397
3520
3896
258
7274
2470
7755
2169
111
7049
6623
971
2507
6117
3175
2802
4373
8291
4714
8522
5461
1756
1589
1429
7989
2603
2786
5570
763
3353
6783
5904
9344
1302
2372
8423
5118
9544
5297
7588
1495
4624
645
6840
6171
7687
2107
2738
7733
4613
2973
1054
5041
602
1580
2237
4487
5625
5418
1317
2091
3494
5363
1254
6765
4014
4409
304
5127
1706
6791
633
783
4082
7890
3288
6857
6438
3934
6012
5776
7231
636
5530
2302
9073
1545
1170
1505
5702
4466
477
3940
1906
5867
8736
8739
450
7625
9406
7929
4792
9657
5737
7442
555
2566
6289
16
3421
4703
7295
9116
7342
981
240
8927
8124
2345
7664
571
872
8824
7121
8141
1358
2293
3588
3900
7076
8332
8894
5552
8733
7905
2761
479
7517
6716
4236
1561
3414
863
947
1803
6180
1762
92
2782
6048
3690
9707
9750
4973
5084
6033
7218
844
2799
8436
2156
9165
5534
6780
8977
1911
7124
2916
9633
4337
7451
529
1279
5978
1088
6309
9230
9166
982
4328
6130
3953
9245
3805
4369
1221
5450
3958
4305
7665
9167
2338
9758
3687
4926
4217
1098
7279
6411
4195
3523
9516
4998
2317
1250
5208
9513
9237
8786
6205
1311
9781
1125
1772
2796
7175
3787
2295
7943
350
1441
7510
4032
8307
6950
8907
1045
5700
5296
317
234
9472
1653
4785
3267
379
2050
5669
3784
6415
468
4418
2303
5995
7074
8845
2942
8912
2334
270
8561
3385
2165
4814
7260
205
2766
2348
916
199
952
6546
