99993
99990
99972
99964
99961
99961
99953
99947
99943
99934
99933
99885
99857
99856
99852
99846
99821
99819
99813
99803
99798
99796
99794
99792
99787
99784
99782
99774
99759
99757
99747
99742
99741
99741
99731
99724
99710
99703
99696
99692
99685
99674
99673
99670
99666
99653
99650
99646
99637
99637
99636
99626
99626
99602
99595
99593
99587
99581
99579
99578
99576
99562
99559
99541
99534
99530
99524
99507
99507
99505
99496
99488
99444
99437
99431
99430
99411
99404
99398
99397
99388
99374
99373
99369
99367
99362
99311
99291
99290
99289
99274
99242
99242
99235
99219
99213
99206
99204
99203
99187
99164
99140
99126
99122
99112
99107
99099
99073
99062
99061
99058
99051
99045
99036
99036
99016
98996
98995
98989
98986
98958
98938
98927
98911
98908
98901
98900
98888
98877
98840
98833
98828
98800
98799
98797
98772
98768
98760
98760
98754
98749
98745
98735
98731
98727
98714
98685
98682
98678
98671
98662
98649
98642
98637
98620
98609
98597
98591
98588
98587
98561
98560
98541
98510
98500
98494
98484
98483
98445
98439
98424
98414
98405
98396
98386
98368
98365
98349
98343
98336
98322
98320
98310
98310
98298
98290
98286
98252
98236
98236
98232
98225
98218
98215
98195
98191
98161
98153
98132
98131
98130
98126
98106
98104
98103
98103
98102
98101
98097
98087
98078
98072
98052
98041
98039
97995
97974
97939
97927
97926
97922
97921
97906
97897
97887
97887
97881
97877
97869
97868
97851
97846
97836
97806
97798
97795
97779
97777
97771
97757
97752
97745
97734
97729
97728
97728
97726
97719
97676
97666
97664
97652
97651
97635
97619
97618
97604
97604
97599
97597
97588
97586
97579
97577
97534
97525
97517
97514
97508
97505
97491
97481
97461
97430
97423
97413
97410
97401
97391
97357
97353
97334
97312
97290
97290
97278
97272
97261
97248
97239
97227
97219
97212
97202
97195
97193
97188
97185
97168
97166
97161
97154
97145
97137
97121
97113
97112
97102
97089
97076
97068
97035
97028
97025
97018
97014
97014
97001
97000
96997
96972
96961
96940
96909
96902
96902
96887
96873
96857
96840
96839
96827
96821
96814
96807
96802
96776
96761
96758
96753
96734
96729
96700
96700
96694
96694
96691
96684
96682
96682
96681
96676
96672
96655
96651
96650
96646
96643
96643
96631
96605
96598
96588
96577
96567
96557
96539
96525
96494
96494
96490
96482
96479
96475
96471
96448
96428
96416
96407
96399
96390
96366
96358
96357
96331
96321
96320
96265
96260
96252
96251
96250
96235
96216
96206
96198
96190
96188
96179
96176
96156
96153
96140
96109
96100
96091
96081
96070
96065
96051
96047
96017
96015
96011
96008
96000
95986
95982
95976
95966
95954
95952
95951
95941
95927
95923
95919
95915
95898
95887
95881
95848
95837
95829
95822
95815
95812
95807
95805
95804
95803
95798
95789
95782
95772
95768
95747
95746
95722
95718
95673
95662
95655
95647
95635
95625
95618
95609
95606
95600
95599
95598
95596
95579
95578
95578
95577
95574
95570
95561
95550
95526
95523
95521
95514
95508
95499
95489
95483
95473
95466
95460
95436
95429
95412
95387
95385
95381
95360
95348
95348
95337
95331
95325
95324
95320
95311
95304
95292
95278
95267
95264
95264
95259
95232
95230
95230
95229
95224
95221
95207
95201
95168
95149
95144
95135
95134
95133
95132
95109
95099
95096
95090
95087
95082
95059
95040
95038
95020
95009
95006
94979
94978
94964
94963
94949
94941
94923
94921
94915
94912
94899
94881
94878
94874
94874
94871
94866
94864
94842
94822
94822
94817
94816
94813
94812
94800
94798
94794
94790
94788
94786
94774
94768
94765
94749
94747
94716
94716
94712
94710
94701
94685
94675
94659
94657
94647
94630
94629
94628
94610
94603
94592
94584
94581
94578
94575
94567
94553
94551
94543
94542
94541
94537
94536
94530
94520
94509
94490
94470
94458
94451
94426
94426
94412
94383
94369
94366
94351
94351
94340
94328
94323
94313
94308
94300
94291
94274
94217
94194
94191
94189
94158
94150
94144
94132
94131
94129
94127
94118
94104
94101
94097
94084
94083
94080
94066
94051
94046
94042
94042
94037
94026
94017
93976
93965
93964
93960
93959
93949
93936
93917
93909
93824
93822
93821
93821
93818
93813
93811
93803
93797
93794
93794
93792
93788
93782
93774
93763
93735
93715
93710
93679
93677
93667
93660
93641
93640
93627
93623
93617
93615
93614
93608
93608
93604
93595
93591
93589
93571
93561
93549
93540
93530
93527
93523
93517
93515
93507
93496
93496
93495
93475
93462
93459
93457
93455
93441
93427
93416
93413
93407
93406
93390
93387
93377
93367
93363
93353
93273
93264
93260
93242
93230
93223
93219
93206
93192
93188
93185
93177
93154
93142
93138
93133
93127
93124
93121
93121
93116
93107
93107
93084
93079
93071
93066
93043
93043
93038
93027
93023
93018
93013
92991
92990
92988
92982
92981
92976
92970
92955
92944
92933
92927
92927
92912
92896
92894
92891
92877
92875
92872
92855
92853
92836
92825
92824
92822
92793
92779
92779
92768
92755
92754
92745
92740
92728
92726
92726
92721
92714
92708
92706
92704
92698
92696
92694
92688
92659
92653
92643
92627
92623
92620
92617
92609
92596
92590
92589
92579
92564
92542
92523
92518
92516
92501
92500
92491
92486
92484
92460
92458
92458
92455
92451
92402
92393
92386
92372
92368
92366
92344
92312
92307
92285
92276
92270
92262
92261
92243
92239
92238
92232
92223
92204
92201
92186
92180
92127
92122
92106
92102
92089
92087
92064
92061
92058
92031
92009
92008
92007
92003
91986
91970
91963
91961
91960
91945
91921
91915
91888
91864
91862
91860
91851
91839
91838
91834
91829
91823
91789
91787
91770
91769
91741
91701
91684
91673
91649
91630
91614
91606
91605
91605
91600
91586
91582
91581
91578
91571
91568
91567
91559
91557
91553
91542
91539
91530
91518
91518
91514
91500
91500
91497
91496
91490
91486
91484
91473
91463
91460
91435
91408
91407
91383
91367
91363
91340
91296
91287
91279
91276
91276
91274
91269
91263
91248
91238
91234
91226
91225
91224
91223
91211
91197
91188
91164
91151
91148
91140
91128
91124
91122
91097
91090
91088
91087
91086
91081
91078
91070
91063
91060
91059
91054
91052
91021
91019
91003
91003
90992
90988
90976
90974
90973
90966
90963
90944
90931
90920
90906
90900
90896
90891
90881
90881
90873
90871
90864
90861
90861
90832
90829
90828
90822
90815
90805
90792
90789
90785
90769
90756
90729
90720
90720
90715
90715
90691
90685
90679
90648
90644
90627
90621
90577
90570
90564
90540
90535
90518
90458
90441
90429
90418
90412
90409
90409
90404
90399
90397
90397
90390
90382
90380
90377
90371
90366
90360
90353
90345
90341
90331
90327
90322
90291
90276
90274
90267
90262
90229
90227
90219
90201
90188
90182
90166
90160
90158
90154
90149
90130
90115
90115
90114
90113
90111
90078
90063
90044
90043
90033
90025
90006
90003
89951
89945
89933
89924
89917
89915
89906
89896
89892
89877
89871
89851
89834
89832
89827
89806
89805
89772
89771
89767
89759
89744
89744
89732
89730
89724
89722
89712
89704
89702
89690
89684
89675
89668
89661
89661
89640
89632
89627
89615
89609
89607
89604
89583
89582
89563
89559
89550
89538
89536
89535
89529
89506
89503
89473
89472
89447
89438
89421
89412
89410
89404
89375
89359
89353
89351
89320
89319
89307
89307
89297
89292
89286
89274
89256
89241
89235
89222
89198
89193
89185
89163
89160
89143
89117
89103
89098
89093
89058
89054
89047
89018
89006
88992
88990
88975
88970
88963
88955
88945
88937
88911
88892
88883
88874
88872
88844
88796
88792
88783
88776
88767
88758
88758
88749
88740
88738
88732
88724
88724
88718
88704
88700
88664
88650
88638
88634
88633
88627
88625
88619
88601
88587
88579
88579
88576
88575
88562
88561
88554
88551
88547
88544
88537
88509
88508
88506
88492
88491
88491
88487
88479
88465
88441
88410
88382
88380
88380
88373
88372
88356
88338
88324
88321
88309
88296
88283
88277
88270
88246
88229
88222
88217
88216
88208
88205
88201
88181
88176
88160
88150
88143
88124
88124
88123
88122
88112
88112
88098
88080
88076
88066
88058
88057
88043
88039
88029
88026
88017
87997
87993
87975
87962
87953
87936
87935
87926
87921
87913
87892
87881
87875
87851
87848
87842
87826
87814
87814
87813
87809
87802
87766
87758
87747
87728
87716
87713
87699
87686
87678
87677
87675
87668
87664
87647
87645
87630
87627
87618
87609
87604
87591
87556
87549
87547
87538
87528
87525
87520
87502
87470
87451
87429
87414
87401
87358
87344
87329
87325
87325
87311
87310
87308
87272
87248
87247
87236
87223
87192
87192
87183
87181
87177
87177
87168
87153
87142
87141
87138
87135
87131
87114
87091
87079
87061
87050
87039
87026
87015
87000
86996
86991
86984
86955
86953
86945
86940
86939
86936
86933
86914
86911
86909
86903
86898
86895
86890
86875
86868
86829
86823
86798
86791
86791
86787
86780
86778
86765
86716
86712
86699
86688
86676
86676
86642
86634
86618
86609
86606
86580
86524
86501
86498
86496
86493
86468
86449
86445
86438
86437
86436
86436
86428
86407
86400
86398
86397
86397
86378
86377
86375
86338
86307
86294
86280
86279
86260
86253
86239
86216
86201
86194
86191
86187
86172
86172
86160
86158
86149
86148
86142
86139
86112
86104
86084
86071
86063
86061
86052
86040
86027
86026
86023
86019
85997
85972
85967
85960
85950
85949
85935
85927
85920
85918
85903
85873
85860
85852
85850
85842
85837
85836
85827
85790
85779
85777
85763
85751
85728
85727
85723
85716
85711
85707
85702
85700
85647
85640
85625
85624
85615
85614
85604
85588
85576
85564
85544
85542
85540
85519
85513
85511
85510
85482
85451
85446
85429
85421
85420
85391
85387
85383
85377
85373
85371
85366
85360
85352
85352
85350
85338
85331
85329
85321
85302
85294
85280
85276
85273
85236
85226
85224
85200
85194
85191
85190
85180
85153
85149
85131
85126
85110
85083
85081
85070
85069
85058
85053
85042
85037
85027
85027
85026
85023
85007
85005
85000
85000
84997
84979
84966
84963
84959
84949
84947
84929
84914
84912
84909
84888
84880
84870
84858
84856
84850
84834
84790
84779
84777
84771
84736
84731
84729
84728
84709
84708
84674
84667
84665
84653
84634
84631
84625
84620
84598
84571
84554
84544
84536
84536
84505
84487
84429
84407
84404
84387
84372
84351
84345
84343
84338
84338
84322
84320
84296
84284
84282
84260
84254
84252
84231
84225
84222
84221
84210
84196
84195
84194
84187
84184
84180
84173
84160
84156
84156
84148
84147
84130
84125
84120
84113
84107
84105
84102
84095
84066
84065
84058
84051
84048
84017
83948
83941
83927
83908
83886
83884
83883
83867
83865
83859
83858
83856
83846
83832
83822
83816
83810
83808
83804
83794
83780
83777
83758
83746
83736
83730
83730
83726
83719
83713
83705
83700
83697
83696
83676
83670
83665
83653
83645
83641
83622
83611
83611
83610
83589
83587
83587
83570
83566
83538
83535
83530
83523
83495
83483
83463
83427
83423
83412
83412
83376
83369
83369
83342
83340
83336
83315
83275
83267
83263
83262
83251
83246
83242
83214
83213
83212
83188
83161
83148
83144
83127
83124
83123
83104
83083
83083
83070
83039
83011
83006
82997
82985
82985
82980
82969
82962
82953
82952
82941
82924
82907
82894
82890
82888
82882
82874
82850
82813
82809
82806
82802
82782
82781
82776
82769
82755
82751
82749
82749
82748
82734
82706
82693
82679
82663
82624
82599
82589
82587
82583
82576
82550
82550
82529
82526
82523
82521
82506
82504
82484
82479
82476
82469
82459
82404
82397
82376
82361
82357
82351
82344
82330
82325
82308
82306
82290
82289
82287
82283
82272
82263
82262
82259
82250
82243
82220
82146
82146
82144
82139
82132
82128
82127
82126
82107
82105
82104
82079
82062
82049
82049
82044
82044
82024
81988
81987
81975
81971
81957
81948
81946
81940
81937
81925
81911
81897
81887
81873
81861
81847
81839
81833
81830
81828
81825
81801
81771
81755
81752
81736
81714
81712
81700
81664
81660
81645
81637
81634
81601
81597
81597
81591
81577
81572
81572
81571
81569
81564
81555
81551
81548
81548
81545
81543
81536
81530
81529
81522
81518
81504
81504
81496
81486
81481
81467
81458
81434
81431
81426
81420
81418
81418
81411
81388
81368
81354
81321
81317
81312
81297
81296
81293
81290
81274
81272
81271
81267
81264
81255
81246
81244
81238
81196
81193
81192
81178
81170
81169
81164
81163
81159
81156
81137
81123
81117
81096
81093
81062
81055
81045
81028
81013
81001
80982
80977
80973
80968
80961
80950
80942
80938
80917
80907
80904
80900
80887
80874
80859
80858
80838
80836
80834
80826
80815
80790
80750
80691
80687
80677
80675
80673
80655
80647
80643
80635
80623
80613
80610
80601
80599
80595
80595
80590
80572
80571
80561
80556
80555
80552
80551
80514
80510
80510
80504
80503
80479
80466
80464
80456
80451
80445
80435
80428
80420
80359
80356
80336
80313
80306
80299
80296
80276
80271
80264
80258
80215
80214
80201
80189
80178
80153
80119
80103
80081
80076
80069
80067
80050
80035
80007
80003
79985
79975
79972
79964
79961
79956
79950
79922
79911
79875
79871
79864
79845
79842
79832
79819
79817
79810
79774
79760
79759
79759
79743
79735
79724
79716
79715
79693
79663
79661
79660
79659
79656
79625
79592
79585
79554
79553
79539
79538
79520
79514
79504
79503
79492
79482
79473
79469
79469
79461
79453
79450
79435
79431
79398
79393
79387
79383
79382
79379
79364
79343
79333
79332
79330
79328
79326
79322
79318
79310
79308
79308
79304
79300
79297
79289
79284
79280
79275
79252
79252
79212
79198
79195
79177
79175
79163
79158
79158
79153
79146
79126
79125
79122
79105
79100
79095
79079
79077
79060
79041
79040
79038
79032
79030
79026
79001
78999
78988
78966
78955
78952
78948
78918
78918
78917
78911
78909
78901
78881
78863
78862
78827
78813
78772
78767
78763
78737
78737
78718
78697
78690
78683
78658
78594
78586
78585
78572
78547
78526
78524
78519
78518
78517
78517
78464
78462
78447
78438
78436
78424
78412
78403
78397
78396
78395
78386
78380
78376
78368
78363
78334
78334
78274
78263
78262
78235
78221
78216
78209
78180
78166
78161
78160
78155
78153
78144
78137
78117
78111
78108
78098
78094
78093
78083
78081
78052
78049
78035
78018
78018
78013
78010
77997
77993
77986
77979
77974
77971
77968
77967
77944
77941
77935
77934
77928
77915
77894
77889
77871
77859
77840
77820
77813
77812
77799
77793
77778
77769
77764
77757
77753
77747
77732
77704
77701
77691
77680
77647
77618
77616
77597
77580
77555
77545
77523
77515
77511
77502
77494
77485
77462
77428
77404
77375
77363
77346
77343
77325
77314
77311
77287
77278
77277
77276
77268
77268
77266
77254
77250
77239
77236
77224
77197
77195
77186
77177
77167
77140
77135
77125
77116
77072
77068
77058
77055
77010
77001
76998
76988
76971
76955
76932
76881
76870
76836
76831
76826
76801
76800
76763
76737
76727
76693
76688
76680
76672
76671
76649
76628
76626
76616
76613
76612
76588
76580
76570
76559
76557
76553
76537
76511
76494
76493
76492
76487
76485
76472
76459
76451
76446
76412
76407
76397
76394
76374
76368
76363
76360
76359
76345
76338
76336
76328
76302
76284
76277
76266
76260
76259
76255
76238
76226
76214
76209
76201
76181
76176
76166
76162
76155
76153
76151
76145
76136
76115
76109
76104
76092
76082
76070
76070
76061
76058
76051
76042
76042
76041
76039
76035
76034
76029
76004
75992
75976
75954
75934
75925
75919
75917
75912
75897
75879
75878
75872
75850
75836
75833
75827
75823
75817
75815
75810
75802
75786
75783
75771
75748
75736
75730
75683
75678
75676
75665
75654
75653
75640
75633
75616
75609
75540
75536
75531
75528
75527
75524
75519
75519
75507
75505
75502
75496
75492
75465
75445
75440
75414
75411
75408
75405
75404
75397
75384
75383
75368
75355
75353
75346
75345
75344
75336
75334
75334
75292
75288
75261
75244
75230
75208
75196
75172
75170
75142
75125
75120
75107
75103
75101
75074
75067
75061
75061
75045
75030
75027
75025
75021
75005
74993
74981
74972
74967
74962
74955
74929
74925
74919
74907
74904
74903
74895
74894
74882
74868
74866
74845
74845
74817
74788
74784
74782
74774
74756
74754
74739
74711
74708
74708
74702
74695
74684
74678
74661
74630
74619
74594
74592
74579
74564
74545
74537
74537
74533
74518
74513
74508
74497
74478
74467
74466
74464
74461
74459
74455
74438
74428
74426
74426
74420
74416
74401
74400
74392
74368
74360
74359
74358
74336
74329
74315
74302
74288
74256
74241
74235
74230
74220
74185
74181
74180
74172
74135
74100
74094
74083
74079
74071
74003
73999
73994
73994
73946
73927
73924
73921
73918
73916
73905
73901
73893
73870
73861
73856
73842
73832
73823
73818
73794
73785
73766
73756
73749
73747
73738
73711
73690
73659
73645
73645
73637
73630
73596
73588
73585
73578
73570
73558
73552
73533
73525
73512
73510
73498
73498
73498
73493
73493
73476
73461
73460
73446
73435
73430
73421
73411
73403
73393
73375
73342
73337
73337
73309
73300
73294
73277
73270
73256
73252
73239
73222
73216
73198
73188
73173
73170
73131
73101
73087
73079
73005
73003
72981
72980
72973
72951
72949
72941
72930
72925
72922
72893
72892
72879
72878
72872
72851
72840
72807
72785
72785
72761
72757
72743
72736
72729
72716
72715
72714
72712
72704
72698
72670
72614
72608
72599
72591
72561
72554
72528
72524
72515
72501
72499
72489
72486
72481
72476
72472
72470
72457
72457
72443
72439
72434
72419
72415
72409
72404
72403
72399
72393
72383
72376
72368
72343
72329
72313
72313
72307
72288
72281
72266
72248
72229
72225
72216
72198
72190
72186
72124
72124
72121
72105
72096
72064
72063
72059
72056
72050
72049
72048
72044
72021
72007
72005
72002
71983
71972
71971
71969
71964
71952
71933
71931
71906
71904
71886
71885
71869
71865
71839
71830
71827
71823
71819
71815
71803
71790
71784
71781
71768
71765
71754
71748
71747
71734
71709
71696
71686
71683
71679
71669
71604
71602
71562
71559
71548
71536
71528
71522
71515
71504
71503
71485
71480
71464
71450
71445
71441
71440
71437
71423
71415
71407
71406
71405
71397
71383
71382
71368
71358
71347
71343
71338
71332
71326
71304
71281
71278
71278
71276
71272
71269
71245
71243
71238
71237
71220
71214
71200
71191
71185
71180
71179
71127
71121
71102
71101
71100
71075
71071
71070
71057
71053
71051
71041
71028
71012
71009
71009
71008
70998
70998
70977
70968
70968
70959
70946
70939
70938
70936
70930
70924
70916
70915
70911
70904
70887
70880
70870
70841
70820
70791
70790
70789
70789
70773
70773
70766
70751
70736
70727
70725
70723
70720
70694
70690
70684
70666
70659
70637
70629
70627
70616
70616
70604
70594
70574
70571
70562
70556
70554
70554
70550
70537
70537
70535
70527
70519
70485
70468
70452
70444
70439
70438
70382
70369
70369
70362
70350
70348
70329
70308
70294
70294
70291
70287
70286
70265
70264
70215
70212
70188
70180
70179
70176
70170
70162
70139
70136
70121
70117
70115
70103
70101
70095
70090
70071
70028
70003
69999
69998
69993
69990
69984
69981
69975
69975
69969
69963
69957
69951
69948
69945
69916
69897
69871
69841
69819
69801
69799
69787
69781
69760
69751
69710
69707
69704
69695
69692
69675
69675
69667
69662
69662
69653
69647
69647
69618
69609
69608
69578
69560
69549
69541
69530
69508
69505
69487
69487
69471
69466
69463
69456
69434
69424
69422
69408
69391
69365
69364
69329
69321
69319
69319
69310
69298
69250
69235
69212
69201
69196
69158
69109
69104
69096
69069
69049
69006
69005
68975
68957
68954
68953
68951
68951
68936
68926
68912
68906
68904
68902
68899
68899
68891
68888
68878
68871
68867
68863
68862
68858
68852
68831
68822
68798
68796
68792
68761
68748
68746
68735
68732
68684
68674
68663
68656
68646
68637
68623
68601
68597
68563
68530
68526
68524
68506
68501
68469
68464
68460
68459
68459
68439
68431
68416
68405
68393
68388
68386
68373
68358
68337
68323
68304
68275
68273
68272
68259
68244
68239
68220
68200
68192
68192
68168
68163
68146
68136
68108
68104
68063
68056
68053
68036
68035
68013
68011
68002
67995
67991
67990
67976
67942
67934
67928
67917
67916
67916
67909
67901
67895
67885
67883
67880
67876
67870
67870
67851
67834
67818
67812
67804
67801
67796
67784
67681
67680
67671
67666
67659
67653
67652
67649
67631
67628
67617
67617
67601
67591
67573
67570
67568
67558
67556
67551
67537
67530
67525
67523
67522
67520
67507
67507
67488
67461
67458
67454
67444
67444
67441
67436
67434
67434
67426
67422
67419
67410
67378
67368
67341
67332
67303
67277
67277
67274
67269
67267
67261
67254
67253
67250
67247
67235
67218
67208
67184
67169
67168
67159
67153
67120
67119
67109
67081
67056
67052
67050
67045
67042
67041
67029
66997
66986
66978
66946
66913
66909
66894
66877
66853
66849
66814
66801
66801
66799
66774
66761
66753
66752
66751
66728
66724
66706
66679
66678
66665
66646
66642
66629
66628
66625
66603
66601
66593
66588
66571
66545
66543
66506
66493
66476
66466
66449
66433
66421
66409
66400
66399
66395
66374
66347
66329
66328
66319
66306
66305
66293
66292
66289
66272
66266
66255
66253
66252
66246
66237
66236
66225
66206
66200
66193
66167
66162
66162
66153
66142
66140
66127
66106
66097
66077
66071
66068
66052
66047
66043
66043
66030
66027
66023
66018
66006
66004
65980
65966
65943
65927
65926
65913
65910
65881
65864
65826
65824
65814
65796
65792
65781
65780
65773
65773
65762
65762
65752
65742
65736
65724
65724
65709
65709
65706
65702
65695
65695
65685
65677
65660
65641
65634
65627
65624
65621
65613
65605
65595
65593
65591
65577
65573
65563
65558
65550
65500
65492
65491
65488
65484
65471
65436
65423
65418
65418
65417
65404
65401
65400
65394
65381
65374
65370
65355
65351
65351
65337
65318
65280
65267
65265
65248
65245
65240
65223
65221
65215
65214
65195
65192
65190
65186
65184
65180
65164
65155
65152
65151
65145
65139
65138
65121
65112
65103
65088
65085
65059
65052
65051
65028
64989
64982
64973
64941
64940
64939
64937
64932
64927
64908
64900
64852
64842
64838
64829
64821
64819
64809
64808
64791
64784
64783
64777
64768
64757
64743
64736
64725
64712
64704
64699
64655
64655
64641
64630
64630
64619
64615
64598
64591
64580
64566
64564
64541
64540
64537
64513
64511
64508
64495
64489
64488
64487
64481
64478
64478
64475
64464
64463
64463
64456
64446
64442
64434
64421
64412
64404
64400
64398
64398
64395
64390
64373
64369
64359
64355
64351
64350
64342
64333
64328
64314
64277
64275
64266
64256
64254
64251
64250
64214
64211
64190
64170
64159
64142
64110
64075
64074
64071
64028
64013
64009
63997
63986
63984
63980
63977
63977
63946
63933
63921
63912
63884
63873
63865
63827
63781
63752
63749
63748
63744
63736
63729
63722
63711
63703
63670
63662
63657
63650
63639
63627
63625
63620
63614
63612
63599
63587
63579
63566
63557
63554
63541
63530
63463
63454
63437
63436
63423
63409
63388
63388
63372
63370
63366
63358
63354
63320
63318
63295
63292
63291
63278
63254
63254
63244
63236
63222
63185
63178
63177
63171
63168
63163
63162
63154
63154
63152
63145
63145
63144
63134
63128
63126
63120
63087
63072
63053
63049
63046
63028
63020
63009
62990
62979
62974
62972
62967
62963
62960
62953
62950
62947
62945
62941
62925
62921
62904
62904
62873
62862
62816
62809
62806
62786
62785
62781
62780
62779
62746
62740
62724
62707
62699
62695
62682
62674
62674
62671
62655
62643
62639
62618
62608
62585
62580
62565
62559
62545
62537
62535
62523
62521
62518
62509
62508
62481
62470
62460
62455
62442
62436
62428
62425
62410
62408
62407
62403
62403
62395
62357
62328
62324
62314
62292
62256
62256
62211
62188
62181
62164
62159
62156
62143
62143
62121
62118
62118
62117
62104
62093
62081
62080
62075
62074
62072
62067
62054
62048
62045
62043
62039
62038
62032
62020
62012
62008
62007
62006
62001
61978
61975
61965
61955
61944
61928
61916
61895
61880
61879
61874
61865
61832
61821
61818
61812
61812
61809
61804
61802
61801
61782
61776
61773
61761
61753
61724
61702
61673
61673
61652
61649
61630
61627
61624
61622
61622
61621
61618
61616
61607
61598
61595
61586
61563
61556
61540
61516
61515
61506
61503
61502
61484
61484
61456
61442
61432
61425
61403
61397
61394
61386
61376
61374
61365
61354
61353
61332
61308
61301
61293
61270
61249
61234
61233
61229
61229
61228
61220
61210
61185
61184
61181
61178
61172
61164
61157
61152
61148
61141
61135
61134
61122
61116
61102
61099
61099
61094
61093
61090
61084
61080
61053
61051
61048
61048
61034
61027
61017
60993
60993
60975
60965
60957
60954
60948
60945
60933
60909
60890
60890
60881
60840
60839
60831
60831
60814
60795
60794
60792
60788
60764
60757
60756
60746
60733
60725
60717
60712
60665
60662
60640
60620
60601
60590
60585
60582
60572
60561
60550
60549
60544
60519
60512
60509
60497
60490
60490
60481
60478
60468
60453
60453
60438
60434
60427
60424
60391
60390
60384
60377
60370
60368
60351
60331
60322
60319
60311
60292
60269
60261
60253
60248
60241
60240
60233
60233
60232
60220
60217
60217
60195
60180
60157
60149
60139
60130
60123
60119
60075
60072
60037
60035
60034
60029
60017
60006
60004
59994
59987
59984
59981
59979
59978
59977
59971
59966
59965
59963
59962
59955
59944
59937
59928
59920
59911
59908
59897
59855
59847
59839
59836
59833
59831
59829
59829
59824
59814
59799
59783
59781
59779
59775
59762
59752
59745
59743
59736
59735
59730
59727
59727
59725
59722
59722
59717
59713
59709
59704
59696
59686
59683
59680
59667
59665
59650
59645
59633
59632
59627
59601
59591
59586
59567
59548
59536
59518
59503
59503
59486
59485
59476
59471
59465
59434
59431
59422
59410
59408
59389
59385
59374
59364
59359
59347
59337
59330
59322
59319
59311
59310
59276
59272
59267
59262
59258
59236
59231
59226
59225
59219
59214
59214
59212
59206
59189
59181
59174
59163
59154
59139
59134
59131
59115
59072
59068
59048
59034
59010
59010
58994
58982
58978
58975
58969
58963
58954
58952
58924
58915
58912
58877
58875
58874
58869
58848
58845
58835
58825
58824
58809
58791
58788
58786
58785
58783
58782
58777
58776
58770
58761
58751
58741
58739
58725
58725
58702
58701
58656
58625
58620
58605
58595
58589
58570
58532
58529
58522
58489
58485
58467
58464
58461
58447
58433
58431
58424
58422
58414
58407
58403
58371
58352
58323
58316
58308
58279
58231
58224
58218
58212
58197
58194
58186
58170
58138
58133
58125
58124
58123
58120
58093
58069
58043
58002
57989
57980
57979
57955
57954
57949
57945
57919
57914
57912
57898
57895
57887
57886
57866
57863
57862
57822
57813
57812
57805
57797
57780
57779
57764
57762
57739
57738
57735
57731
57728
57716
57713
57712
57710
57701
57693
57687
57687
57681
57677
57675
57666
57665
57663
57641
57639
57624
57622
57621
57615
57613
57600
57596
57595
57585
57579
57557
57553
57542
57541
57538
57529
57525
57510
57505
57501
57489
57477
57474
57456
57448
57446
57424
57412
57409
57403
57394
57380
57380
57377
57376
57374
57372
57354
57330
57325
57312
57308
57294
57285
57260
57254
57234
57230
57222
57206
57201
57200
57180
57157
57151
57139
57133
57133
57130
57120
57119
57108
57104
57076
57069
57068
57065
57060
57054
57052
57048
57047
57034
57031
57027
57027
57025
57005
56988
56981
56976
56955
56921
56880
56866
56844
56827
56822
56785
56785
56771
56747
56734
56733
56714
56669
56658
56650
56641
56621
56617
56614
56612
56601
56597
56595
56594
56579
56574
56567
56524
56518
56495
56485
56473
56469
56468
56461
56432
56429
56415
56408
56374
56363
56345
56339
56313
56310
56305
56295
56261
56253
56250
56240
56201
56196
56196
56187
56185
56185
56183
56165
56161
56157
56143
56142
56131
56129
56120
56109
56105
56094
56088
56080
56079
56074
56062
56059
56034
56025
56004
55990
55982
55982
55971
55949
55948
55943
55942
55942
55938
55928
55916
55911
55910
55896
55872
55872
55866
55846
55835
55826
55813
55786
55785
55780
55766
55764
55754
55744
55737
55735
55705
55698
55694
55687
55683
55670
55646
55644
55639
55637
55616
55603
55590
55573
55559
55548
55532
55522
55516
55508
55498
55485
55472
55466
55464
55462
55457
55455
55451
55447
55422
55420
55409
55394
55389
55369
55359
55347
55331
55323
55288
55266
55244
55242
55192
55178
55177
55147
55145
55138
55128
55118
55115
55115
55108
55102
55097
55096
55096
55095
55078
55068
55066
55046
55044
55035
55031
55030
55011
54991
54990
54976
54949
54941
54928
54919
54908
54896
54893
54880
54865
54859
54857
54848
54846
54838
54836
54835
54822
54807
54806
54779
54777
54776
54758
54756
54753
54748
54741
54730
54728
54715
54685
54684
54679
54675
54653
54643
54642
54625
54618
54611
54600
54591
54589
54587
54575
54550
54539
54532
54521
54496
54487
54485
54471
54466
54456
54453
54434
54431
54409
54406
54367
54365
54346
54341
54297
54277
54262
54261
54252
54252
54250
54248
54244
54242
54233
54229
54229
54220
54200
54195
54182
54182
54179
54156
54131
54119
54117
54095
54088
54075
54058
54047
54043
54042
54040
54001
53999
53990
53980
53978
53959
53947
53932
53924
53913
53887
53886
53878
53872
53866
53863
53861
53843
53838
53837
53829
53825
53824
53816
53810
53796
53788
53779
53766
53747
53742
53741
53719
53700
53695
53691
53685
53684
53673
53599
53597
53566
53556
53535
53535
53534
53526
53523
53491
53486
53482
53481
53477
53466
53462
53459
53459
53451
53449
53432
53414
53395
53380
53379
53372
53352
53348
53339
53329
53323
53316
53302
53297
53293
53292
53285
53280
53272
53267
53257
53254
53244
53243
53228
53211
53210
53195
53180
53177
53160
53157
53145
53144
53143
53141
53141
53136
53130
53126
53122
53119
53097
53094
53091
53088
53083
53080
53074
53070
53049
53025
53019
53012
53010
53007
52993
52981
52976
52966
52965
52947
52944
52935
52929
52926
52923
52902
52885
52876
52867
52864
52859
52854
52851
52851
52850
52841
52826
52824
52817
52813
52792
52788
52787
52774
52766
52762
52735
52735
52727
52726
52713
52704
52683
52683
52681
52676
52674
52673
52656
52654
52651
52619
52615
52613
52611
52607
52607
52596
52595
52592
52588
52586
52577
52576
52571
52566
52566
52565
52560
52552
52539
52536
52518
52513
52507
52493
52479
52453
52439
52434
52397
52385
52380
52370
52339
52336
52333
52332
52317
52306
52289
52237
52233
52231
52228
52222
52221
52221
52218
52213
52187
52159
52104
52103
52097
52081
52077
52075
52073
52068
52066
52063
52062
52050
52029
52008
52001
51995
51995
51983
51980
51974
51972
51970
51968
51961
51948
51943
51937
51935
51926
51924
51924
51913
51909
51902
51869
51862
51860
51858
51836
51824
51807
51806
51798
51786
51784
51779
51772
51766
51759
51756
51738
51736
51725
51719
51714
51714
51685
51681
51662
51659
51648
51638
51623
51620
51588
51570
51569
51555
51548
51529
51523
51478
51468
51463
51442
51440
51422
51415
51411
51392
51384
51372
51346
51338
51307
51278
51230
51210
51209
51208
51208
51203
51180
51173
51149
51142
51128
51125
51121
51120
51096
51077
51072
51033
51019
51018
50999
50954
50940
50935
50923
50919
50914
50913
50897
50876
50868
50865
50862
50842
50837
50826
50824
50811
50789
50768
50763
50735
50705
50701
50696
50696
50688
50682
50668
50627
50618
50607
50600
50585
50584
50570
50562
50553
50511
50507
50506
50504
50497
50497
50488
50483
50463
50429
50422
50413
50410
50407
50396
50388
50380
50380
50374
50370
50366
50359
50356
50333
50331
50329
50328
50318
50310
50286
50286
50278
50238
50229
50223
50222
50201
50178
50165
50158
50125
50119
50102
50095
50089
50088
50087
50085
50065
50040
50039
50039
50021
50014
50013
50002
49999
49983
49975
49951
49951
49950
49949
49937
49917
49910
49905
49898
49884
49880
49874
49864
49838
49815
49810
49809
49806
49800
49759
49744
49732
49729
49715
49714
49702
49698
49690
49685
49685
49667
49662
49658
49650
49644
49637
49636
49631
49627
49622
49615
49597
49592
49587
49583
49576
49572
49570
49567
49563
49558
49535
49530
49526
49519
49509
49504
49476
49473
49446
49430
49426
49408
49404
49400
49394
49391
49378
49361
49343
49329
49319
49318
49315
49294
49272
49264
49258
49255
49227
49197
49164
49160
49150
49149
49139
49135
49129
49128
49128
49128
49122
49112
49106
49103
49101
49100
49086
49084
49062
49049
49043
49040
49019
49019
49014
49014
48997
48981
48979
48927
48920
48918
48916
48909
48908
48906
48889
48864
48862
48851
48846
48845
48841
48831
48830
48825
48817
48808
48807
48800
48768
48760
48724
48715
48713
48695
48694
48683
48661
48657
48643
48635
48610
48586
48582
48568
48560
48551
48550
48539
48528
48519
48519
48502
48481
48477
48451
48444
48439
48426
48412
48409
48408
48408
48400
48395
48369
48362
48362
48361
48350
48348
48334
48312
48306
48286
48283
48253
48247
48230
48223
48221
48217
48182
48180
48179
48164
48163
48137
48136
48136
48129
48118
48118
48093
48068
48062
48058
48031
48029
48023
48014
48007
47986
47983
47977
47974
47966
47965
47958
47941
47937
47901
47887
47882
47875
47863
47845
47829
47812
47805
47738
47734
47733
47718
47705
47697
47694
47686
47675
47662
47652
47649
47634
47612
47597
47595
47593
47591
47552
47548
47542
47540
47536
47535
47526
47520
47511
47505
47482
47462
47454
47440
47437
47404
47392
47358
47356
47355
47352
47348
47346
47345
47310
47303
47291
47286
47285
47281
47278
47262
47237
47235
47225
47214
47163
47162
47155
47150
47149
47134
47124
47119
47118
47109
47098
47091
47090
47086
47072
47051
47050
47049
47035
47022
47003
46998
46995
46968
46958
46956
46947
46936
46928
46921
46916
46889
46888
46883
46883
46881
46858
46834
46804
46800
46776
46774
46773
46773
46767
46764
46760
46749
46740
46722
46722
46721
46720
46694
46689
46684
46627
46611
46611
46587
46583
46574
46568
46559
46546
46544
46541
46540
46530
46528
46523
46488
46486
46483
46480
46478
46472
46465
46458
46452
46449
46436
46434
46431
46430
46424
46421
46393
46378
46356
46339
46333
46321
46312
46309
46304
46303
46292
46286
46265
46264
46262
46252
46243
46240
46234
46215
46195
46194
46181
46172
46164
46154
46146
46120
46105
46090
46076
46069
46065
46064
46057
46049
46042
46041
46039
46038
46019
46011
46003
45971
45967
45965
45964
45953
45947
45945
45911
45908
45898
45890
45886
45880
45874
45866
45841
45828
45828
45823
45802
45777
45767
45740
45728
45722
45717
45714
45712
45706
45706
45705
45703
45688
45686
45675
45674
45670
45634
45633
45630
45627
45596
45595
45595
45580
45571
45559
45540
45539
45534
45521
45520
45517
45470
45460
45452
45438
45427
45412
45402
45381
45333
45330
45310
45296
45289
45276
45276
45267
45264
45255
45251
45237
45229
45213
45213
45208
45194
45187
45158
45141
45131
45127
45126
45113
45112
45086
45084
45084
45083
45081
45074
45071
45047
45046
45038
45028
45026
45013
44992
44970
44969
44961
44955
44953
44921
44914
44876
44874
44873
44872
44865
44862
44851
44845
44835
44826
44823
44782
44780
44771
44763
44742
44742
44711
44704
44702
44687
44685
44676
44650
44646
44642
44640
44619
44595
44587
44561
44557
44546
44540
44534
44531
44509
44495
44494
44492
44472
44471
44471
44460
44449
44449
44435
44432
44417
44409
44404
44394
44358
44336
44327
44320
44312
44291
44283
44279
44272
44262
44255
44241
44236
44231
44219
44216
44213
44205
44202
44200
44196
44176
44174
44174
44142
44129
44125
44116
44094
44089
44087
44069
44059
44058
44050
44047
44046
44022
44019
43981
43981
43980
43973
43959
43937
43935
43918
43900
43886
43857
43855
43843
43840
43838
43833
43828
43816
43794
43793
43763
43755
43729
43718
43706
43705
43697
43692
43687
43684
43663
43640
43621
43613
43613
43613
43596
43585
43555
43547
43546
43537
43536
43524
43523
43521
43499
43486
43484
43467
43454
43445
43405
43400
43372
43368
43366
43365
43358
43345
43341
43313
43303
43275
43270
43247
43227
43226
43184
43176
43170
43162
43158
43106
43050
43042
43038
43033
43016
43007
43001
42999
42995
42993
42987
42963
42960
42956
42951
42935
42921
42914
42908
42896
42877
42838
42824
42823
42812
42806
42804
42793
42780
42775
42769
42763
42756
42755
42734
42729
42728
42722
42712
42708
42702
42697
42694
42667
42657
42652
42637
42636
42635
42627
42616
42580
42574
42568
42560
42545
42539
42538
42536
42509
42506
42472
42464
42461
42457
42435
42424
42400
42382
42371
42365
42358
42357
42353
42349
42318
42316
42310
42285
42280
42273
42269
42267
42247
42235
42229
42212
42197
42189
42185
42173
42159
42157
42146
42128
42125
42110
42103
42082
42050
42034
42028
42024
41990
41983
41974
41974
41969
41967
41950
41946
41946
41931
41908
41901
41892
41882
41875
41860
41843
41831
41828
41812
41803
41776
41746
41727
41723
41716
41714
41699
41699
41697
41681
41671
41660
41643
41637
41635
41623
41620
41614
41608
41602
41600
41599
41581
41571
41550
41549
41523
41523
41516
41511
41484
41483
41480
41476
41472
41459
41450
41437
41423
41420
41418
41400
41389
41388
41367
41358
41355
41355
41354
41332
41317
41317
41307
41304
41289
41288
41286
41278
41278
41272
41265
41260
41244
41233
41223
41221
41212
41198
41195
41193
41182
41169
41159
41123
41122
41080
41076
41073
41072
41069
41062
41056
41054
41052
41050
41047
41043
41043
41041
41021
41007
41002
40989
40961
40960
40945
40941
40939
40939
40931
40928
40927
40923
40922
40901
40893
40885
40880
40871
40868
40865
40849
40819
40794
40785
40779
40774
40760
40752
40752
40730
40714
40700
40670
40653
40650
40636
40628
40601
40589
40583
40567
40566
40558
40542
40538
40527
40509
40503
40497
40480
40476
40470
40456
40455
40429
40397
40397
40369
40366
40363
40360
40351
40336
40333
40326
40312
40309
40307
40302
40302
40293
40288
40260
40225
40203
40189
40187
40186
40185
40180
40173
40168
40162
40159
40132
40128
40120
40103
40087
40072
40053
40050
40046
40037
40035
40026
40002
39993
39989
39982
39980
39954
39946
39942
39939
39921
39912
39908
39904
39900
39900
39899
39877
39868
39865
39853
39841
39839
39834
39810
39779
39769
39766
39762
39735
39708
39706
39701
39701
39695
39679
39675
39663
39662
39655
39654
39635
39626
39622
39609
39605
39604
39602
39592
39581
39573
39562
39560
39552
39551
39536
39510
39498
39490
39457
39414
39400
39392
39390
39380
39370
39369
39358
39343
39343
39340
39338
39294
39285
39272
39264
39234
39232
39221
39193
39171
39168
39165
39160
39158
39155
39154
39153
39134
39113
39094
39089
39087
39075
39074
39050
39047
39044
39041
39038
39023
39017
39017
39013
39006
38989
38958
38944
38942
38910
38906
38899
38864
38856
38845
38844
38843
38835
38821
38782
38781
38776
38772
38749
38713
38713
38699
38692
38689
38688
38684
38678
38672
38655
38649
38641
38618
38609
38607
38596
38589
38587
38571
38569
38563
38562
38553
38546
38538
38537
38527
38521
38496
38494
38493
38491
38474
38470
38466
38453
38445
38431
38419
38411
38405
38402
38398
38385
38376
38375
38370
38352
38350
38337
38330
38325
38317
38305
38292
38289
38270
38265
38258
38247
38242
38228
38223
38221
38203
38174
38172
38164
38158
38152
38132
38130
38110
38084
38083
38073
38068
38055
38050
38046
38044
38039
38033
38027
38016
38014
38001
37992
37991
37973
37970
37967
37967
37959
37958
37953
37943
37927
37924
37914
37912
37897
37853
37838
37834
37817
37797
37793
37782
37777
37775
37767
37765
37765
37760
37746
37709
37704
37703
37699
37695
37688
37687
37634
37619
37616
37611
37589
37576
37571
37567
37552
37549
37538
37534
37498
37496
37492
37479
37437
37420
37416
37398
37360
37332
37330
37329
37320
37247
37236
37223
37222
37206
37201
37180
37174
37170
37164
37159
37157
37156
37151
37137
37130
37124
37113
37110
37109
37098
37083
37080
37039
37017
37004
36996
36995
36990
36987
36982
36981
36979
36977
36974
36973
36950
36948
36934
36925
36917
36907
36901
36896
36888
36885
36844
36838
36833
36817
36811
36805
36804
36782
36773
36770
36769
36765
36750
36731
36726
36695
36661
36625
36622
36599
36588
36583
36580
36529
36524
36520
36514
36511
36506
36499
36486
36486
36477
36475
36471
36448
36447
36444
36433
36429
36422
36415
36406
36404
36379
36377
36375
36351
36348
36346
36340
36331
36328
36316
36310
36310
36307
36293
36288
36282
36279
36268
36263
36248
36242
36236
36147
36141
36140
36136
36128
36111
36111
36111
36103
36102
36100
36097
36088
36086
36078
36066
36064
36049
36044
36024
36020
36013
36000
35985
35985
35983
35965
35954
35949
35949
35947
35927
35921
35916
35913
35900
35886
35864
35861
35842
35795
35781
35781
35762
35761
35757
35748
35732
35721
35703
35688
35685
35683
35668
35661
35654
35647
35638
35629
35627
35620
35617
35615
35613
35612
35574
35557
35549
35546
35546
35545
35543
35531
35509
35508
35499
35498
35477
35477
35469
35432
35428
35421
35417
35391
35389
35373
35356
35316
35279
35269
35246
35229
35227
35227
35218
35217
35209
35201
35193
35184
35171
35169
35169
35163
35153
35147
35145
35138
35129
35125
35124
35124
35112
35107
35079
35078
35053
35049
35040
35034
35032
35017
35009
35002
34987
34987
34983
34982
34974
34961
34946
34910
34909
34905
34900
34877
34858
34852
34851
34849
34831
34816
34816
34796
34795
34775
34773
34764
34738
34726
34699
34674
34670
34669
34664
34652
34646
34638
34621
34618
34596
34566
34564
34558
34558
34557
34552
34543
34542
34541
34529
34526
34524
34507
34504
34488
34487
34484
34453
34436
34425
34403
34400
34389
34378
34377
34376
34363
34346
34341
34332
34322
34313
34296
34296
34292
34276
34275
34268
34268
34267
34257
34251
34243
34241
34230
34228
34220
34213
34195
34192
34189
34181
34165
34159
34154
34142
34111
34107
34093
34089
34080
34076
34071
34069
34046
34033
34009
33974
33965
33959
33944
33938
33912
33883
33882
33881
33873
33866
33851
33843
33842
33828
33791
33789
33766
33762
33759
33751
33721
33695
33688
33686
33679
33660
33654
33648
33630
33630
33623
33622
33615
33611
33611
33604
33603
33601
33588
33584
33583
33573
33564
33527
33470
33464
33453
33452
33441
33438
33430
33414
33402
33398
33395
33392
33387
33384
33355
33333
33324
33320
33319
33304
33279
33277
33268
33267
33248
33247
33242
33236
33230
33218
33212
33181
33171
33147
33135
33113
33111
33089
33085
33080
33072
33071
33059
33056
33052
33044
33037
33024
33010
33005
32971
32962
32940
32931
32920
32916
32911
32883
32883
32878
32876
32867
32865
32842
32839
32827
32824
32805
32789
32786
32786
32784
32776
32770
32756
32756
32752
32752
32747
32742
32737
32733
32714
32714
32694
32693
32691
32676
32661
32646
32643
32642
32634
32631
32625
32623
32623
32608
32596
32596
32592
32586
32555
32550
32539
32535
32534
32530
32519
32499
32481
32475
32475
32445
32434
32423
32418
32415
32389
32379
32378
32352
32342
32339
32335
32335
32314
32312
32301
32298
32285
32283
32272
32268
32267
32254
32241
32241
32190
32183
32171
32154
32139
32136
32125
32116
32110
32091
32088
32086
32075
32072
32064
32051
32044
32043
32026
32025
32022
32020
32018
32018
32018
32016
32016
32008
32006
31999
31981
31975
31967
31963
31949
31941
31931
31931
31920
31908
31902
31872
31868
31862
31857
31851
31786
31768
31767
31753
31751
31741
31740
31733
31715
31708
31704
31701
31695
31694
31657
31655
31637
31620
31614
31604
31594
31594
31588
31587
31559
31552
31536
31526
31523
31511
31504
31499
31496
31465
31461
31461
31456
31435
31412
31408
31369
31333
31331
31317
31309
31302
31301
31292
31280
31269
31255
31244
31231
31223
31210
31202
31198
31191
31186
31185
31185
31181
31159
31147
31139
31131
31120
31114
31088
31077
31071
31057
31056
31047
31045
31042
31006
31003
31002
30980
30931
30920
30920
30898
30891
30882
30879
30874
30862
30860
30827
30825
30817
30816
30814
30805
30795
30782
30774
30744
30743
30735
30727
30715
30703
30700
30697
30694
30684
30666
30663
30653
30652
30649
30639
30625
30615
30614
30609
30598
30591
30547
30546
30532
30523
30522
30519
30469
30464
30453
30451
30445
30432
30395
30393
30379
30371
30352
30344
30341
30330
30295
30283
30281
30273
30269
30255
30254
30232
30216
30216
30210
30203
30202
30187
30175
30172
30169
30164
30149
30149
30147
30141
30130
30102
30102
30092
30080
30079
30076
30074
30070
30070
30066
30061
30053
30047
30045
30044
30033
30031
30031
30029
30016
30005
30002
30000
29994
29992
29986
29968
29947
29947
29945
29927
29927
29919
29916
29885
29883
29867
29865
29857
29834
29833
29833
29814
29813
29810
29810
29801
29790
29788
29788
29754
29728
29726
29723
29713
29701
29698
29688
29688
29681
29679
29673
29671
29659
29646
29643
29641
29638
29619
29605
29591
29587
29568
29548
29544
29542
29534
29523
29518
29512
29504
29499
29477
29476
29462
29462
29458
29444
29422
29415
29409
29405
29378
29366
29364
29362
29357
29354
29348
29343
29341
29337
29334
29329
29322
29294
29280
29278
29278
29271
29260
29257
29257
29234
29227
29225
29215
29213
29206
29202
29169
29134
29117
29104
29102
29067
29066
29054
29045
29042
29007
29005
29002
29001
28995
28993
28989
28983
28981
28950
28941
28929
28922
28916
28898
28896
28875
28875
28862
28859
28834
28831
28829
28811
28793
28782
28770
28764
28761
28758
28740
28738
28733
28728
28727
28723
28712
28709
28697
28696
28694
28679
28676
28672
28671
28665
28665
28661
28649
28639
28631
28629
28588
28585
28581
28580
28579
28568
28559
28555
28545
28528
28525
28518
28504
28503
28495
28492
28471
28462
28449
28449
28444
28441
28441
28440
28430
28426
28425
28425
28412
28403
28398
28394
28392
28388
28385
28380
28367
28331
28319
28299
28290
28289
28287
28276
28266
28259
28252
28235
28230
28227
28222
28219
28217
28213
28211
28197
28184
28153
28143
28140
28101
28088
28063
28054
28027
28023
28008
27998
27986
27973
27969
27969
27963
27944
27941
27935
27915
27913
27900
27883
27881
27861
27860
27849
27848
27842
27840
27833
27821
27808
27802
27798
27796
27795
27795
27792
27769
27763
27762
27761
27736
27727
27721
27709
27703
27700
27696
27678
27671
27649
27649
27622
27619
27612
27611
27602
27591
27584
27577
27570
27569
27558
27554
27545
27539
27533
27533
27532
27527
27526
27509
27495
27495
27487
27487
27479
27477
27475
27474
27473
27441
27433
27403
27397
27380
27366
27337
27332
27322
27312
27311
27298
27297
27289
27286
27272
27255
27250
27245
27240
27237
27236
27235
27226
27224
27218
27213
27199
27182
27163
27156
27094
27078
27061
27058
27055
27047
27041
27038
27026
27018
27017
27012
26992
26987
26977
26957
26956
26953
26952
26936
26918
26894
26887
26886
26870
26832
26820
26766
26764
26736
26725
26720
26719
26714
26700
26697
26693
26677
26645
26645
26638
26601
26600
26595
26578
26569
26564
26561
26544
26537
26533
26521
26489
26472
26471
26471
26455
26441
26436
26428
26423
26416
26389
26384
26380
26374
26372
26370
26333
26299
26299
26274
26256
26255
26244
26231
26226
26224
26216
26214
26208
26198
26194
26188
26182
26177
26163
26153
26145
26135
26112
26108
26103
26087
26066
26049
26047
26039
26035
26035
26032
26031
26017
26011
25993
25985
25969
25958
25951
25950
25938
25934
25933
25927
25916
25910
25888
25885
25884
25868
25858
25853
25849
25838
25827
25806
25799
25797
25795
25790
25760
25759
25754
25751
25741
25723
25721
25709
25707
25706
25676
25656
25649
25641
25631
25630
25623
25616
25603
25592
25590
25581
25578
25565
25547
25531
25511
25502
25488
25487
25483
25471
25457
25454
25445
25444
25414
25403
25390
25389
25389
25379
25370
25356
25352
25348
25328
25308
25304
25300
25295
25287
25282
25279
25273
25269
25242
25222
25189
25182
25170
25162
25159
25149
25130
25123
25112
25110
25103
25094
25080
25073
25066
25064
25031
25021
25008
24995
24994
24988
24935
24930
24907
24894
24890
24882
24882
24848
24840
24810
24797
24796
24785
24778
24770
24757
24754
24754
24744
24712
24703
24693
24691
24689
24682
24679
24671
24667
24663
24656
24647
24647
24626
24621
24613
24588
24571
24543
24539
24538
24514
24505
24499
24489
24479
24472
24456
24455
24448
24436
24430
24425
24409
24409
24408
24387
24386
24385
24376
24373
24372
24367
24347
24317
24292
24276
24274
24269
24265
24258
24189
24160
24148
24143
24131
24098
24088
24073
24070
24020
24008
24008
24004
24000
23974
23949
23939
23922
23889
23889
23876
23871
23857
23845
23842
23821
23815
23804
23796
23792
23782
23772
23772
23757
23749
23711
23709
23651
23630
23622
23622
23617
23596
23590
23583
23580
23579
23570
23565
23555
23549
23533
23531
23528
23507
23501
23486
23473
23471
23463
23457
23445
23427
23425
23419
23413
23391
23369
23359
23353
23347
23341
23324
23321
23315
23306
23306
23271
23263
23260
23242
23241
23241
23211
23204
23199
23192
23184
23178
23177
23172
23172
23120
23045
23043
23037
23020
23020
23019
23013
22985
22981
22979
22974
22958
22957
22936
22933
22930
22928
22879
22879
22871
22863
22850
22848
22834
22834
22829
22797
22772
22769
22765
22760
22756
22756
22730
22725
22696
22687
22683
22677
22652
22650
22644
22605
22598
22575
22574
22573
22566
22561
22548
22539
22506
22497
22497
22496
22482
22472
22464
22453
22452
22452
22448
22416
22405
22399
22385
22384
22362
22345
22319
22318
22279
22274
22260
22248
22247
22235
22233
22209
22202
22191
22185
22184
22181
22178
22151
22147
22137
22129
22122
22120
22106
22105
22100
22097
22070
22068
22062
22055
22045
22037
22037
22025
22022
22022
22007
21997
21991
21979
21979
21978
21973
21970
21965
21963
21962
21950
21939
21934
21929
21922
21919
21918
21905
21904
21897
21884
21862
21861
21861
21850
21841
21832
21820
21813
21810
21806
21788
21774
21767
21762
21752
21741
21730
21722
21718
21711
21696
21688
21684
21683
21683
21682
21667
21664
21650
21649
21647
21638
21634
21624
21613
21592
21587
21567
21548
21541
21537
21536
21533
21527
21509
21508
21507
21501
21496
21485
21484
21438
21437
21416
21411
21393
21388
21385
21377
21372
21371
21361
21360
21343
21343
21339
21334
21327
21320
21315
21305
21304
21304
21298
21285
21279
21278
21275
21267
21257
21236
21230
21221
21214
21202
21200
21174
21146
21135
21131
21114
21112
21108
21104
21104
21102
21101
21099
21059
21057
21053
21027
21025
21010
21005
20995
20991
20988
20982
20959
20934
20933
20927
20920
20913
20900
20873
20859
20846
20846
20831
20824
20818
20800
20791
20785
20781
20778
20755
20744
20728
20698
20694
20692
20683
20681
20663
20661
20660
20631
20615
20610
20598
20597
20558
20543
20510
20509
20508
20491
20480
20457
20453
20453
20453
20436
20427
20415
20410
20404
20375
20370
20351
20347
20340
20333
20305
20301
20270
20254
20242
20237
20225
20222
20210
20205
20193
20168
20165
20148
20142
20134
20133
20130
20129
20122
20109
20102
20086
20085
20084
20063
20061
20059
20034
20012
19993
19984
19937
19916
19916
19914
19902
19896
19877
19858
19857
19831
19793
19784
19773
19767
19756
19756
19737
19723
19717
19707
19701
19700
19672
19661
19654
19653
19645
19640
19629
19621
19594
19592
19583
19571
19569
19566
19557
19556
19548
19538
19530
19522
19514
19513
19506
19499
19492
19488
19483
19481
19472
19442
19441
19429
19429
19426
19424
19403
19395
19388
19387
19381
19372
19369
19367
19361
19361
19354
19351
19331
19320
19314
19312
19306
19299
19286
19282
19262
19261
19260
19253
19243
19194
19194
19194
19173
19172
19169
19169
19157
19144
19138
19134
19133
19118
19118
19111
19109
19095
19090
19085
19070
19068
19065
19056
19033
19029
19023
19016
19005
18988
18969
18968
18962
18947
18946
18939
18929
18924
18910
18903
18885
18883
18836
18829
18782
18778
18775
18760
18759
18751
18745
18736
18729
18725
18707
18706
18701
18667
18650
18648
18635
18634
18620
18614
18602
18573
18568
18564
18562
18539
18530
18518
18518
18498
18492
18468
18459
18456
18454
18436
18434
18411
18401
18394
18393
18385
18368
18365
18361
18361
18359
18355
18354
18351
18347
18345
18330
18303
18301
18297
18295
18294
18294
18273
18272
18266
18232
18224
18224
18201
18182
18174
18163
18142
18139
18138
18135
18112
18108
18094
18058
18052
18043
18041
18038
18034
18005
17997
17976
17963
17963
17961
17961
17955
17941
17937
17927
17927
17907
17905
17888
17887
17880
17866
17859
17831
17831
17820
17806
17783
17778
17770
17760
17752
17738
17721
17698
17687
17686
17663
17659
17647
17636
17626
17597
17592
17586
17585
17565
17563
17559
17539
17526
17520
17514
17507
17491
17490
17489
17487
17486
17483
17468
17467
17455
17433
17431
17415
17409
17407
17404
17374
17352
17352
17349
17349
17342
17340
17335
17332
17332
17330
17322
17311
17294
17273
17272
17269
17267
17251
17249
17231
17211
17210
17202
17198
17195
17182
17155
17148
17146
17138
17129
17103
17103
17099
17088
17087
17041
17040
17033
17028
17015
16999
16992
16990
16969
16963
16954
16936
16931
16924
16912
16897
16890
16878
16877
16874
16871
16870
16869
16869
16866
16864
16851
16819
16812
16780
16767
16722
16718
16716
16700
16692
16692
16658
16652
16647
16638
16634
16615
16614
16613
16612
16583
16554
16551
16544
16543
16543
16534
16526
16510
16510
16496
16486
16477
16476
16475
16473
16464
16459
16442
16415
16404
16401
16398
16364
16360
16352
16349
16326
16316
16315
16313
16311
16304
16285
16277
16272
16269
16265
16259
16258
16247
16239
16216
16210
16209
16195
16193
16185
16179
16169
16159
16153
16151
16118
16095
16086
16085
16073
16068
16067
16061
16035
16035
16031
16027
16019
16013
16000
15997
15967
15965
15959
15958
15937
15936
15932
15912
15906
15869
15867
15856
15841
15840
15838
15831
15819
15815
15767
15763
15762
15745
15744
15744
15738
15723
15720
15715
15698
15692
15691
15690
15689
15687
15683
15674
15656
15645
15642
15636
15627
15609
15603
15601
15571
15560
15543
15533
15484
15481
15468
15467
15451
15445
15422
15421
15410
15399
15397
15385
15359
15352
15337
15331
15325
15317
15314
15311
15306
15266
15241
15232
15227
15202
15175
15172
15146
15143
15134
15123
15103
15091
15079
15073
15065
15058
15035
15030
14986
14976
14974
14973
14964
14954
14937
14926
14922
14911
14894
14869
14868
14866
14866
14865
14860
14851
14829
14827
14800
14770
14756
14745
14742
14732
14726
14725
14722
14704
14699
14695
14694
14687
14686
14677
14659
14647
14647
14632
14632
14621
14607
14588
14584
14568
14552
14542
14531
14523
14510
14508
14497
14456
14455
14423
14405
14393
14372
14371
14369
14367
14365
14357
14356
14335
14331
14313
14304
14301
14284
14273
14265
14255
14251
14242
14235
14228
14205
14202
14191
14184
14170
14166
14149
14149
14117
14113
14107
14090
14074
14073
14070
14063
14054
14046
14030
14030
14016
14016
14014
14007
14004
14003
14002
14001
13986
13968
13965
13947
13931
13930
13925
13921
13901
13893
13892
13878
13864
13845
13826
13825
13820
13816
13806
13804
13800
13781
13770
13764
13763
13754
13749
13745
13742
13737
13737
13727
13720
13694
13685
13679
13653
13650
13631
13623
13620
13596
13588
13571
13548
13535
13532
13529
13522
13498
13495
13480
13467
13463
13450
13448
13438
13426
13424
13390
13380
13368
13335
13329
13321
13321
13300
13272
13262
13259
13254
13251
13248
13229
13220
13219
13192
13181
13176
13168
13165
13143
13133
13130
13122
13116
13093
13092
13064
13063
13056
13054
13053
12997
12948
12943
12877
12860
12855
12851
12845
12841
12813
12811
12790
12786
12756
12728
12724
12719
12711
12696
12691
12688
12663
12643
12624
12615
12603
12601
12597
12584
12580
12563
12559
12558
12555
12546
12545
12525
12521
12513
12501
12501
12498
12494
12487
12484
12467
12458
12452
12434
12434
12420
12417
12407
12404
12404
12400
12392
12366
12350
12347
12328
12320
12315
12307
12250
12248
12246
12241
12236
12234
12228
12204
12202
12197
12196
12196
12186
12185
12185
12129
12122
12117
12109
12092
12086
12083
12071
12071
12069
12058
12056
12044
12043
12019
12015
12010
12003
11974
11967
11956
11940
11936
11894
11892
11874
11874
11874
11871
11846
11845
11836
11827
11808
11804
11769
11758
11744
11707
11687
11685
11678
11677
11676
11675
11674
11646
11645
11638
11635
11629
11629
11610
11608
11592
11591
11584
11583
11581
11576
11561
11537
11535
11522
11516
11515
11513
11489
11485
11466
11461
11455
11447
11444
11426
11425
11419
11391
11384
11382
11360
11349
11315
11309
11304
11288
11269
11267
11247
11241
11239
11227
11226
11223
11192
11146
11133
11092
11080
11065
11062
11039
11034
11028
11017
10991
10980
10976
10963
10957
10953
10936
10922
10910
10907
10907
10905
10888
10878
10875
10867
10866
10857
10849
10846
10842
10836
10828
10826
10825
10821
10811
10805
10802
10792
10767
10762
10758
10751
10748
10733
10729
10723
10673
10651
10638
10637
10626
10609
10601
10601
10594
10589
10584
10583
10580
10572
10565
10563
10541
10538
10515
10501
10491
10467
10465
10464
10461
10452
10447
10446
10422
10409
10390
10388
10382
10372
10361
10357
10352
10301
10285
10284
10276
10255
10243
10229
10223
10216
10216
10216
10194
10188
10188
10143
10128
10092
10054
10036
10016
10014
10002
9999
9996
9986
9981
9964
9961
9950
9950
9947
9943
9924
9900
9894
9871
9871
9856
9850
9843
9842
9842
9838
9820
9817
9813
9800
9793
9791
9787
9786
9783
9769
9757
9734
9725
9715
9708
9705
9679
9656
9653
9630
9630
9607
9590
9562
9555
9539
9529
9525
9510
9508
9501
9495
9488
9487
9476
9469
9460
9449
9444
9432
9422
9413
9392
9390
9383
9381
9375
9364
9315
9312
9291
9272
9270
9266
9265
9261
9250
9215
9213
9208
9208
9185
9183
9181
9171
9169
9157
9157
9151
9148
9146
9146
9132
9103
9091
9053
9045
9042
9025
9023
8988
8957
8955
8944
8937
8936
8915
8913
8907
8901
8883
8872
8868
8855
8846
8845
8835
8831
8830
8826
8814
8813
8791
8786
8773
8754
8752
8742
8740
8717
8705
8687
8678
8674
8659
8648
8647
8641
8640
8640
8623
8623
8618
8612
8609
8608
8608
8606
8593
8581
8572
8571
8566
8550
8527
8523
8511
8509
8491
8488
8485
8484
8479
8461
8461
8446
8444
8433
8414
8408
8376
8367
8361
8338
8315
8276
8246
8238
8230
8221
8217
8172
8169
8160
8159
8150
8148
8130
8126
8122
8122
8115
8104
8103
8097
8085
8085
8077
8066
8059
8037
8035
8035
8025
8013
8000
7992
7982
7981
7951
7949
7943
7914
7885
7879
7878
7857
7852
7852
7851
7814
7799
7791
7786
7780
7779
7769
7768
7759
7756
7749
7748
7738
7717
7705
7697
7693
7692
7688
7686
7683
7661
7646
7620
7612
7604
7597
7572
7557
7554
7546
7516
7485
7471
7470
7468
7460
7458
7432
7431
7431
7428
7418
7389
7386
7379
7372
7366
7360
7347
7330
7312
7258
7231
7221
7220
7210
7198
7184
7181
7175
7145
7144
7130
7114
7110
7098
7098
7081
7054
7042
7033
7020
7017
7008
6944
6939
6919
6915
6904
6891
6882
6851
6842
6835
6834
6832
6830
6830
6801
6789
6781
6777
6765
6744
6720
6719
6705
6701
6696
6687
6683
6680
6679
6678
6656
6650
6637
6635
6620
6614
6611
6591
6584
6583
6559
6552
6547
6541
6541
6523
6522
6521
6511
6510
6505
6499
6488
6486
6474
6468
6457
6439
6436
6433
6428
6417
6398
6382
6377
6374
6368
6353
6326
6319
6312
6312
6311
6308
6294
6286
6285
6253
6251
6231
6228
6224
6215
6210
6198
6173
6163
6134
6131
6129
6128
6123
6115
6112
6103
6066
6048
6036
6028
6026
6016
6014
6007
6007
6000
5994
5979
5978
5976
5962
5952
5950
5946
5945
5938
5924
5889
5887
5885
5885
5872
5868
5867
5862
5842
5815
5799
5795
5789
5784
5773
5753
5752
5739
5732
5732
5731
5728
5724
5694
5665
5655
5650
5638
5634
5633
5620
5615
5610
5602
5601
5595
5531
5528
5527
5507
5505
5497
5497
5495
5477
5474
5463
5456
5449
5427
5418
5405
5376
5368
5359
5354
5334
5325
5314
5311
5306
5292
5278
5270
5268
5266
5248
5240
5232
5227
5167
5165
5158
5153
5152
5147
5137
5131
5129
5123
5119
5107
5091
5086
5046
4999
4997
4991
4981
4972
4960
4950
4836
4827
4823
4817
4813
4811
4796
4788
4787
4785
4778
4778
4777
4755
4734
4731
4700
4681
4675
4674
4671
4655
4650
4639
4625
4616
4605
4605
4582
4566
4563
4512
4505
4490
4472
4469
4435
4429
4423
4422
4418
4407
4380
4375
4360
4357
4352
4341
4337
4334
4331
4306
4300
4287
4267
4258
4208
4176
4174
4160
4154
4151
4151
4139
4117
4108
4076
4075
4070
4069
4039
4016
3979
3979
3961
3960
3948
3947
3936
3926
3905
3874
3870
3870
3842
3839
3838
3831
3826
3822
3815
3805
3790
3788
3787
3775
3771
3763
3747
3747
3741
3738
3736
3679
3648
3644
3633
3625
3621
3596
3579
3522
3519
3515
3501
3495
3494
3493
3467
3465
3460
3447
3444
3439
3433
3426
3413
3408
3389
3386
3381
3372
3365
3361
3344
3332
3297
3284
3274
3273
3251
3250
3238
3222
3203
3199
3170
3158
3138
3133
3108
3085
3064
3049
3035
3015
3010
2989
2985
2979
2949
2947
2946
2942
2912
2904
2895
2880
2873
2868
2863
2854
2854
2848
2844
2839
2822
2803
2789
2783
2779
2775
2763
2739
2727
2717
2714
2713
2693
2689
2685
2683
2653
2641
2616
2599
2588
2574
2572
2568
2545
2532
2523
2523
2517
2514
2510
2473
2465
2461
2453
2445
2441
2435
2427
2427
2426
2419
2413
2408
2392
2360
2359
2344
2343
2322
2309
2309
2272
2257
2256
2244
2227
2225
2220
2208
2205
2201
2197
2195
2192
2188
2182
2172
2164
2159
2129
2129
2111
2106
2101
2090
2073
2071
2057
2041
2041
2038
2032
2021
2017
2010
2008
1994
1994
1985
1961
1934
1933
1931
1924
1913
1898
1897
1894
1889
1882
1880
1879
1868
1859
1858
1853
1838
1837
1833
1831
1830
1829
1813
1807
1803
1803
1800
1800
1794
1784
1780
1777
1774
1762
1755
1741
1739
1729
1712
1708
1705
1660
1636
1614
1614
1605
1602
1598
1588
1577
1559
1530
1522
1520
1490
1480
1479
1469
1467
1452
1440
1439
1429
1419
1412
1389
1386
1375
1341
1326
1324
1313
1303
1299
1295
1281
1274
1228
1225
1222
1191
1189
1150
1137
1121
1102
1094
1074
1044
1040
1030
1029
1028
1022
1020
1011
1009
1007
971
962
955
945
941
934
933
926
907
898
895
877
871
869
865
862
860
849
848
840
820
792
780
759
753
747
710
707
702
677
674
669
665
660
657
646
642
641
633
633
631
628
614
603
602
593
588
577
572
557
552
544
541
538
535
518
506
503
493
489
486
483
471
470
468
466
411
411
402
387
386
380
377
372
357
344
331
311
301
274
263
244
244
242
222
222
205
202
199
188
187
176
175
171
166
163
153
146
117
110
107
96
94
73
65
56
55
35
35
34
29
7
