2614
2766
50
906
1156
2875
3312
1228
2736
1490
3012
968
3507
3354
4589
1899
4276
4128
3867
2703
3263
123
4155
1277
893
3914
3008
1900
4715
1295
3932
63
887
3975
1961
422
1903
851
2327
2593
1131
989
3459
2419
1388
4148
739
1560
1370
4726
4842
3851
685
1803
2034
1354
3101
857
4780
1400
556
2403
551
392
402
3007
1923
1337
3985
1455
849
1363
3134
1526
4509
1543
109
2484
3940
4333
4964
4159
3745
4602
4310
3185
1250
1221
4914
383
3426
4751
3090
362
1826
4674
4949
1061
4332
4849
4752
2996
2110
670
1603
3445
10
1614
1649
4611
298
4665
3832
202
3037
3736
4247
2314
4997
3800
2981
3420
675
315
1726
4707
474
276
4147
4440
510
2569
2804
3092
3560
2961
952
2728
1238
3976
2046
616
3306
3197
1474
640
4363
3907
4381
654
1806
2729
4289
1843
1059
3577
1176
4002
4090
3
2069
2826
3933
1122
4636
4373
385
4651
3859
1702
2233
284
1384
1432
2802
519
4932
2986
2333
740
3376
1435
3823
621
4054
4706
3311
3387
4833
1070
1978
2332
1081
1936
4422
2045
3754
3517
672
2019
1588
431
1159
2691
1142
421
3950
615
2237
4277
1931
416
2552
4410
748
4445
4565
3539
2718
1921
2877
2735
1575
1770
4096
1508
4304
2869
1324
4482
2294
2220
2745
259
1233
494
689
3771
4490
4430
4297
468
823
2244
2259
2529
2234
998
1404
4755
1160
405
2539
3508
1722
4017
4094
3089
2458
3651
2366
2978
3322
4241
3758
4905
1149
178
69
3077
3045
1454
1830
3024
1406
2456
482
3211
3837
3719
4190
1748
3243
4137
2079
650
614
2542
2753
515
343
2871
4384
2382
3966
352
4566
4654
2374
3714
2399
3872
4973
1485
1259
892
1447
3738
1145
4869
3463
3427
4577
752
4431
4830
1207
1394
4181
2276
2135
2380
1028
215
3334
3218
3199
4969
1990
1155
641
1938
1134
3728
947
3798
1929
2109
4984
292
4727
4620
4459
342
2788
3534
572
4729
1623
1529
1773
595
1968
4718
1209
700
500
1999
1285
45
4468
360
4804
3810
879
350
903
4038
798
2354
4051
773
4046
415
1224
2592
4946
1249
930
16
305
3708
999
536
1919
324
4787
2890
4284
1689
1398
86
4203
3320
4887
2061
3369
1457
2949
3946
4470
1371
1333
2776
1721
2713
1308
240
1464
5000
327
4110
2336
3589
898
2075
151
4307
2124
1851
3026
725
4733
4951
2491
4579
1874
4388
3705
1541
1905
2967
1920
2667
4885
3480
4260
27
1459
2865
4786
3170
1465
1
2151
774
4956
3665
1020
2750
127
218
2973
4443
17
2811
3831
4953
222
2483
2053
1742
3965
1733
2588
4606
1685
241
4425
2059
2708
2060
2860
3588
1426
3653
2954
972
258
1799
1594
3152
4255
1460
4193
130
4819
3812
2600
1013
3133
4743
170
1071
4478
720
4793
4292
4382
3586
2430
1407
4562
4122
4616
1656
1532
311
2641
487
2363
2460
993
3778
2122
1301
2030
2388
894
1827
2522
2911
2342
3969
3809
1181
2449
369
3909
2884
4011
4034
317
3880
116
4066
3487
4189
2395
4230
1857
4838
2744
1897
3904
3046
428
3905
1423
1533
3911
2916
4291
4359
1616
1481
4628
68
4211
3982
2910
376
1997
4864
4424
4493
2700
3395
1839
1078
3916
1650
234
4668
1914
2379
1704
1255
367
1993
1786
4829
94
2101
2563
3678
4311
20
1768
2137
2040
4748
2080
4736
3871
1859
2269
351
4763
2284
1723
639
287
1063
3393
3860
1730
1657
1415
2097
841
1506
1032
871
3767
1472
4104
2622
172
3516
1096
3618
1303
1294
2665
3848
443
636
1083
1297
37
2406
4775
2092
2457
563
648
3219
4331
980
4043
4936
3173
2285
4348
2205
138
2645
1162
3866
3500
1279
629
3556
2548
2498
4667
3697
1538
2500
2603
4831
3633
1875
3695
2541
1795
1375
3158
4093
2029
824
547
171
1736
957
399
4089
323
3938
2544
19
775
2601
4558
1163
4516
3247
3293
1001
2231
4939
2919
2697
1073
533
4306
1787
4191
2293
2239
11
253
4974
3955
152
4556
2609
3681
3934
2831
2868
3698
147
2746
2925
1598
4825
2952
274
1237
3986
539
429
2849
821
2759
3040
3492
786
3044
25
3137
4564
2136
184
1499
4095
2596
2086
1672
1850
1635
2274
1911
4326
4879
925
829
230
1362
939
1964
1802
4158
70
4711
3023
2436
2939
3041
2779
4045
704
49
3686
3536
1378
2623
2652
4802
237
108
3456
289
2517
4215
3238
2793
2878
2035
119
2066
309
3203
1172
247
3646
2153
176
4503
3587
3276
4832
819
3275
2769
853
2679
3968
2303
2881
1872
4813
1982
797
1784
4870
3414
2595
2870
1895
4301
2521
175
2202
3520
4264
2605
950
1902
4600
4766
4206
1924
839
3146
4691
3886
2300
3366
2993
1315
716
2397
4532
1179
104
3265
517
2228
2477
800
3703
1004
2096
2816
4397
4637
1016
1734
3071
2385
477
3797
1167
1077
2254
1353
837
1256
1132
3740
4235
3349
2723
177
1411
2015
2815
1592
4797
2710
4032
2942
665
3693
1272
1973
1419
235
2211
4007
269
3194
3196
3230
1111
768
4036
4679
4323
2742
1944
2339
3405
2090
1248
3329
2917
4472
2128
589
3892
3522
1758
960
623
3590
2690
810
363
4293
4248
23
3774
4677
2178
4000
4064
4889
2790
4091
2654
2906
3667
4118
261
3684
2635
1684
959
4630
225
1473
2696
2663
24
4943
2465
688
2615
3935
4798
3649
1316
2450
4108
3277
4977
2224
91
1775
1084
129
2423
1458
4202
1334
580
4988
156
450
4962
3498
750
3483
4771
265
39
1783
2503
2287
4154
3140
4539
711
2716
2207
3465
3144
271
3523
424
2833
1379
4479
353
15
1732
55
3284
1817
3548
1503
501
4042
4429
1528
4883
1099
1863
490
4040
2632
4950
1168
3032
3990
990
701
4135
2003
818
1865
3166
3755
3732
3529
2323
3210
4737
3777
2268
349
3787
1197
3348
348
2655
1634
2557
4244
609
3283
1531
1012
1339
1747
2455
3280
4731
1933
1947
4896
1511
2502
2236
2443
1170
4485
1855
676
2580
2684
2085
388
931
4435
3844
1688
2487
568
4687
3409
1434
869
223
976
77
1706
3220
590
478
4218
1952
4966
1610
2204
4437
1440
1175
4919
2250
1683
3017
4931
4613
3127
2183
4321
3835
449
409
1665
2920
1057
3770
1463
3333
3785
4745
1110
2057
4839
1694
2874
1075
3537
3922
4168
3524
3557
4317
3390
3314
194
1535
4385
3224
90
4324
2741
1949
3074
2511
3503
3687
963
4312
2194
743
4464
1862
2265
885
1755
942
2761
2159
756
4568
2330
1280
1263
2780
4993
3562
3910
1146
4460
134
3451
1849
2429
1416
3756
4083
4910
3422
3839
4858
3677
708
2256
4018
4515
2073
1793
1925
1559
1841
1190
1198
3528
4835
1049
3079
904
4492
4926
480
3600
1708
295
1932
4890
4660
964
4999
4958
1741
98
2525
4621
848
535
1486
1203
2606
2431
2567
1620
2453
1762
712
1805
2004
3351
466
3191
3216
2945
445
2475
4458
60
1098
576
3443
3371
2801
3571
2928
574
554
3640
4571
4406
191
164
1113
290
3861
2800
3585
3712
2225
3580
868
4979
1214
738
2550
1106
3241
3906
2001
3018
479
1629
3857
1495
3288
4649
4366
2995
2
1120
2620
2955
3122
4106
2825
33
3605
4878
505
4405
513
1003
2725
770
2169
4790
3510
4791
3356
4031
3350
4554
2714
4449
3156
832
858
3952
307
1838
4860
1781
4199
4238
2518
2575
4358
1282
3858
3279
769
22
83
3339
1605
795
447
496
4088
3423
1148
696
4475
4496
390
1660
2732
2357
4149
1814
3067
652
4963
4992
1521
361
1480
1959
758
4433
3418
4027
3346
2905
4487
3353
4861
1583
4738
1676
817
772
889
4236
1738
1009
3000
583
2546
89
373
2810
4767
735
2948
3943
4170
2823
3834
4689
1778
2599
2777
3547
4130
2270
3674
397
1869
430
4986
97
1439
3097
3251
3815
1114
441
3375
585
32
2845
4935
1326
914
2466
1010
1516
3250
1757
407
3664
1927
2876
72
1166
569
3864
2944
1372
1095
657
4295
2158
3807
1873
393
2760
54
3582
1202
4361
3180
75
4609
42
3489
3865
702
6
3412
4625
2105
2174
4452
4947
780
4987
3151
435
1278
1349
2427
3048
2317
36
897
4551
3389
1678
1942
1180
1041
4710
2068
3068
279
3098
4990
4476
632
357
41
658
1369
4768
3316
4387
3308
3575
423
4469
626
3947
3671
316
508
4929
992
3564
4991
4223
3925
3981
3397
3781
2628
2674
4105
1080
1144
229
651
1651
3760
745
2900
1192
2297
1624
2036
4392
3153
3855
4467
2957
3454
603
1996
762
1917
659
1609
1436
2715
2571
1200
1452
4308
244
541
1908
1208
4001
2657
3081
3599
1913
4119
3820
3167
2724
432
1553
2359
1709
2660
2292
4824
4597
3799
4899
204
548
3260
3200
4243
1007
2737
3361
3830
3126
4246
2358
4282
4536
1268
4505
4275
300
2116
4734
586
2440
4855
3856
4553
2324
2638
484
3113
4692
545
4518
4922
2408
1319
1186
2371
2451
984
1313
3204
2335
4134
3816
160
2855
726
1425
663
3016
1088
2172
3939
4254
2926
2562
4035
531
2370
2485
4305
4249
472
2114
395
4281
1177
4913
3368
312
625
3408
1878
4531
1739
3937
656
1068
1276
4796
238
2587
4076
3584
2941
2490
2138
4053
88
3278
4853
18
3225
562
4682
2162
3805
2187
4352
4062
542
2670
2383
2041
2873
742
448
2923
4998
1681
1879
2581
3751
1325
1318
997
2798
3551
2062
302
1882
2072
2806
4927
3336
3119
3455
4578
2589
3035
3739
514
1102
1589
1244
3718
338
1253
1231
3301
3114
140
4261
3563
366
3696
4546
965
2848
1035
410
387
1720
2279
3928
1852
2915
2426
4717
2240
3913
597
2704
4719
1489
4252
1985
111
4185
1646
3624
2814
3541
2367
3666
2238
3403
4917
4484
3690
1229
2189
4506
1777
1288
113
4328
51
2142
4474
3999
4808
3011
3882
2296
4481
403
328
2047
1576
2478
872
3373
4335
3878
4670
4099
4811
3918
1600
3116
4183
3240
2980
2899
2049
4928
3822
1101
2412
4151
611
2192
3174
604
690
1164
1116
1299
3485
4573
4495
3014
4640
3486
3246
3359
3287
3448
3704
607
329
2307
4773
2858
994
2566
1449
3121
498
890
4180
1984
2962
645
1534
464
1005
975
2559
1842
4114
836
1945
1408
2785
4400
3978
3352
1887
734
4416
937
4818
2537
3927
1479
4486
1522
66
451
3205
3617
4081
3983
4794
3993
3150
322
3625
2219
4524
1359
4598
703
4534
4994
2685
1067
4187
3034
4124
3900
226
4759
4694
2271
1093
3384
3066
524
1939
4972
2051
2985
1546
3478
699
671
1753
2012
2343
3923
3595
106
492
1854
4143
813
2325
2420
1638
2018
2273
3762
4071
2112
4059
943
1133
4201
4501
4875
1484
4561
1232
3846
3850
2043
4704
2310
433
251
3768
3730
1602
644
4705
666
4868
5
4336
196
4157
2834
1669
854
2533
2763
4448
3294
3299
418
4028
1853
4250
1858
3476
2662
1216
4020
4132
3596
2134
2748
2411
570
1746
4417
3159
4688
495
3926
2768
381
1886
4263
4721
1934
1039
1520
4462
3627
4456
4776
1608
4614
3207
117
4788
457
4269
1064
2531
2524
4446
1573
3849
553
1667
3083
2313
753
4664
4782
532
3050
2168
4220
1213
2283
31
2232
2129
3235
4426
2891
8
1137
3752
3656
155
518
1323
986
1710
4377
3358
2190
1401
4594
3994
4390
2722
2081
1825
4074
2758
2850
4886
969
2321
3175
375
3105
4895
2184
2570
2262
4421
1761
150
4232
3304
805
511
1118
759
3157
2439
4092
2602
661
1335
3027
2181
3100
874
4753
2523
1054
285
845
3515
1962
3379
2361
4139
2022
436
2318
2888
766
2213
2636
2143
3474
2879
864
2512
1022
3381
3742
1626
4747
4080
684
3838
2976
3748
232
3960
2582
2672
1866
3709
2091
4626
2504
1579
2579
2201
2739
4693
297
293
4473
1128
1821
4746
3296
744
4044
1749
2125
332
1031
3139
3439
3673
4166
1582
2774
538
3889
923
921
4653
3374
3888
4772
825
707
3364
1468
2835
3921
862
4732
2352
634
2694
3442
2084
1833
1082
28
4355
2351
4816
1275
3898
131
2218
3229
1695
916
3553
1906
4316
404
483
1381
4511
1157
1025
325
1696
4226
4179
1112
2309
4265
2756
2375
3688
2540
504
2669
3717
4073
3833
3380
4209
4623
809
3890
3620
2608
4523
3992
2757
93
4345
4274
642
677
3154
3957
301
3941
4354
3300
3295
195
4368
198
502
2396
612
1029
1365
1512
4915
3221
264
2405
4344
618
1644
1139
4330
2637
1364
382
3411
1735
4784
4817
200
3566
1103
256
4820
1693
1779
3647
2851
2025
282
1056
956
4378
691
3842
4725
2856
1713
2243
2272
1877
1525
1037
3917
2473
1831
905
1347
1861
1385
4315
2063
462
4103
2740
61
420
1300
3614
2630
3610
3467
4805
3634
2118
406
2203
2951
2347
58
859
3753
179
3648
2647
3549
3362
1431
2809
746
1245
715
1794
2071
1491
3532
4709
3129
1438
2695
1995
203
158
549
3273
4669
2126
3270
846
1488
4253
3110
2398
1125
1764
355
799
1234
2838
132
400
2565
1740
2824
2969
2988
1703
3803
210
3670
1662
2386
4612
4967
1386
1154
801
1033
2242
3360
2733
4078
4198
2311
3868
4379
927
1687
2322
294
1076
2936
1724
1117
2140
4251
1813
1536
1876
1567
2658
3162
3862
2934
2767
4402
3642
2161
1628
4576
2755
1881
105
3707
2991
4169
2618
2200
1612
902
3143
3669
183
1417
2479
3477
1780
411
2554
3806
771
4550
2376
1788
4367
4228
3987
4735
4877
1860
3440
1828
4350
1051
4102
1430
1647
4923
2441
356
1351
3038
2864
3984
3033
354
3601
2682
2556
1928
2052
4903
2764
4529
165
4837
3206
2093
662
2808
3481
401
816
2492
3511
2392
255
345
4595
2892
2519
3527
283
4730
101
3550
2775
2026
4661
2930
2772
1292
3720
1698
2530
4322
4675
1981
4952
830
1679
3460
358
2979
619
1469
3417
499
2913
4708
2424
4280
3365
4176
2770
1015
2935
3006
4364
920
4006
4116
3303
2418
1815
3171
214
1965
3632
3318
3660
1712
3804
3991
3579
3326
806
896
2032
1038
2773
3885
669
2123
4056
3873
319
465
4971
1476
3514
1910
3818
4542
954
2705
1545
3945
2166
2316
1210
185
4880
2017
1705
1692
844
426
3087
3013
1765
4237
4153
2007
1042
4703
4881
4450
1338
886
1622
3802
2820
4941
3639
3475
1675
1373
1574
4918
4510
2155
4827
4279
3501
4552
1690
2931
489
4648
2812
1412
1119
4760
4334
2393
3827
3964
2497
2701
4466
4357
760
4502
2217
3096
2094
4673
4604
4174
3005
1281
2230
3724
4192
2866
2651
1482
1109
168
44
378
3155
2787
2922
2121
4141
4652
899
3319
2872
3847
3958
1991
3103
1341
149
4009
2349
1021
653
4814
4395
2306
929
2459
3332
2762
3461
3001
4699
4047
3169
2629
2281
4401
827
503
4167
440
2576
3750
4216
2221
2664
1178
1346
763
467
3531
3789
1904
2495
3919
2642
2170
2132
2818
3138
2469
278
1246
414
110
1909
2102
2797
3652
3168
4498
698
4015
3444
114
4758
1807
3297
926
3884
4574
1356
273
188
4777
1637
860
1549
1254
791
3956
3881
4016
4109
1956
4572
3069
714
3042
1040
434
2447
2659
4944
1524
3741
3786
1058
3004
74
4026
4701
1987
1191
4845
1243
4638
2895
359
778
4349
3325
2799
2461
4455
1000
4163
3449
4957
751
4477
3518
2290
3118
4684
444
3896
2304
2977
2082
1596
2627
811
4888
635
732
794
2984
199
3473
374
1653
3149
2377
617
2095
2749
3540
3565
1750
4398
4938
3198
3612
2488
610
1804
2362
2992
4085
4989
4314
1327
1760
2803
1601
680
4488
2031
4548
3604
1389
2350
2687
4848
4588
4504
1555
3793
4217
3187
4210
299
1578
1571
4812
835
4537
1542
1731
1017
901
4641
4930
2946
1471
2088
459
4461
1661
2486
2011
4029
2000
3164
4898
206
3852
3135
2493
4319
946
4178
2246
3183
693
861
1086
4023
4150
2591
3997
523
488
304
785
3680
599
3432
159
1801
631
318
4115
719
1089
1501
1065
1957
593
2751
4101
2133
3398
2356
2428
56
2028
1173
4225
3672
2625
4208
4841
2709
1744
2448
2792
100
4145
779
917
3344
4742
1169
2653
260
3710
2193
1970
3726
2839
481
2078
439
3124
3163
53
3544
3258
2402
4182
469
4826
2867
2633
1772
2227
394
2010
1006
1986
2784
4627
831
4525
3814
3908
4204
3039
1832
1907
339
530
1470
2215
2887
1714
280
2167
528
2435
1697
878
870
1856
4048
3676
4013
7
1918
2731
1564
320
3836
3464
1502
4353
1066
2719
2141
1504
2315
4657
120
4924
1357
272
2508
876
4270
3215
1193
463
807
2650
1627
471
1658
777
3980
2199
4052
3029
1141
4214
4111
558
4256
598
4290
3727
948
2415
4100
254
2853
2897
4423
608
1151
613
3546
938
4662
4909
2966
4177
1329
296
961
2482
3193
924
29
1023
2561
2794
2863
1776
2505
2195
1304
3213
3328
3644
1967
73
1291
3735
974
4846
370
4803
3419
14
512
4444
3396
3526
4904
4286
3051
1218
1599
4420
2065
3257
983
4162
3399
4339
4471
962
71
1105
4933
1097
4008
1069
192
4258
3056
2103
4916
1840
2896
697
475
3181
107
4465
543
2626
1251
3343
2893
2880
3377
1558
1711
4749
4908
4678
4521
4769
1094
1756
3338
4872
3394
3142
3244
2805
4783
3357
139
1422
3424
1652
882
4294
1135
757
4586
4876
2305
2743
1466
2191
1625
1189
1618
877
3775
3457
977
1808
2245
588
2555
1374
2538
2583
4560
4313
2604
622
1519
3272
3655
3428
4942
4113
4268
4517
3961
520
1310
875
4728
2340
3535
4538
3447
4912
57
364
1260
1673
2355
1036
1019
2574
729
2099
2077
3289
190
2989
4196
216
1590
1215
3112
425
4615
3072
2302
1352
3763
3186
1392
3231
3715
1252
3887
4412
2416
4937
1124
638
3145
2422
3292
1345
546
4033
2964
1409
529
2535
4840
1441
4325
883
3869
1206
4658
3401
1659
3790
4513
3400
2369
4266
1444
1565
1413
1885
1763
3413
3446
2208
3591
3136
3567
1368
4671
571
12
1593
865
4188
4165
3367
655
668
4907
1969
4800
3060
1239
3630
87
112
3668
208
1527
227
2711
1976
526
2157
881
4442
2130
3073
2216
2842
1342
3538
3769
2481
3897
1258
1330
4267
2188
2836
193
2267
486
4575
602
4327
1150
2661
3988
1267
43
1845
124
3281
2883
2127
4978
3901
4622
584
3120
3521
4544
221
2982
419
2175
2631
2083
1138
2813
4084
3458
2038
4567
3840
3043
3093
4386
3936
4082
3555
2960
3931
2688
3028
217
834
3794
4844
67
4394
855
96
275
1194
3009
2680
1935
4512
1158
1979
4097
1989
2671
1883
3058
1361
4603
4643
1751
4948
4514
3378
1648
4770
2545
2209
4370
3254
2859
1547
4049
594
4900
3682
3177
2464
162
3792
1809
4906
591
84
2572
102
1121
3237
4302
3082
3462
3894
3291
3722
3407
2862
145
915
1980
2253
4980
220
787
951
4892
4288
2260
1509
326
557
4142
2885
573
4303
1343
1507
4945
3749
4362
2353
2909
3683
3195
4851
2489
3826
4240
4329
3883
3410
736
4024
3689
3519
3654
187
4271
314
4005
3772
910
1396
2070
1290
793
628
4762
4242
125
3437
955
3088
1340
2198
1104
2752
4754
527
3573
182
1586
3801
2107
2987
1595
78
2229
3967
1966
2263
4982
3450
1420
4863
2677
1220
2847
121
4795
3766
2681
1514
4610
246
3606
3128
4172
4583
908
3711
1045
3607
1008
1889
4635
3505
3691
3626
3977
1478
2707
262
1798
3608
4086
3282
1266
3065
2854
1774
1100
723
4060
166
1184
2914
856
2196
493
521
2346
2929
3761
995
1810
3602
2023
781
3998
1888
1585
4527
4854
2551
1992
4593
4075
2843
3433
649
2039
4690
4828
4901
1152
3716
3310
970
47
4175
2940
4541
4447
4069
3406
1577
4463
2024
1782
3305
717
3594
3070
1864
2226
1265
4300
2501
1496
3342
1302
4213
2442
3613
1771
4781
2119
3615
1450
1663
1791
2997
820
2781
3643
912
3525
4584
3597
1108
4866
4815
126
2970
1946
4221
4298
4921
1550
1552
4672
3429
2329
1269
1427
417
4981
1284
2378
1950
2532
1090
682
674
842
2145
3962
3658
4077
2009
2104
4374
1960
973
3951
3912
3055
3929
4934
2726
1418
2747
2515
643
3725
2454
3574
3161
4847
1640
1451
4129
918
4741
1182
3245
3075
2146
4369
1483
928
3552
4852
2462
3078
1344
4985
167
3227
3165
1305
2666
148
2832
1604
452
4413
971
2020
252
3323
4530
2807
4296
173
2702
4698
567
4666
3593
336
1587
988
2619
767
1091
1584
4965
783
4608
438
4940
1666
2646
2819
2721
1963
1332
1048
880
940
3731
242
4976
1311
2506
3020
1796
1212
4522
1643
1053
3132
4436
1129
2830
2147
4596
4744
2472
1682
2994
2564
4617
303
4200
1289
3782
2177
2176
4549
4607
814
3271
3363
3825
1052
1296
2401
497
3234
4079
4058
4696
982
4338
2496
4700
1948
4961
1383
1317
1926
4821
4497
335
1510
38
1123
3141
40
2368
2149
1321
3685
2902
637
4451
80
3545
3109
709
4857
4365
3117
4563
1262
1390
1974
3286
1043
1240
144
3172
3811
866
907
35
76
2446
1492
277
2144
197
802
4231
4408
3416
624
1270
2160
1615
2108
1539
1654
3324
1955
2404
1880
2223
2527
1829
4065
3973
4375
4697
909
2048
2499
2829
3269
2901
3236
1047
2437
3268
1915
2796
1153
3242
4
3920
2584
4599
776
996
3107
4695
4021
95
3386
2345
291
1700
2983
1147
3949
4702
1812
1893
3435
1642
65
1367
803
1619
3757
2387
3190
1165
2573
1790
2937
2886
1226
600
384
133
257
3063
3635
2180
2348
3076
460
4414
804
3944
4432
4055
1433
4061
4632
3054
2727
2299
3568
4107
21
686
1729
4891
3415
3554
485
3879
189
1456
3636
4457
59
228
4789
4340
4526
2222
4125
646
933
4234
4207
3327
2791
747
1716
2828
1026
1530
1087
1975
3182
4873
3392
3995
4133
1348
2514
2972
4404
2510
3746
3223
2067
1307
2683
4792
2002
1868
4557
1518
371
1188
2607
286
850
1314
1322
4320
840
1055
458
1391
1185
3609
1283
3494
3115
2117
1818
2689
3621
1686
2904
1453
3592
3160
2100
2998
4098
4025
3581
3482
919
1287
1130
1161
1002
81
4491
1115
207
2882
1797
979
3491
1892
3493
2409
2560
1376
3479
4865
1572
1745
4415
1943
4383
577
2381
1487
1540
4283
1274
3052
2286
4140
2528
2044
2971
1836
3723
3021
2470
2536
2278
3176
764
1823
683
3734
2164
978
1273
2087
3764
4867
3863
4123
1898
4136
4676
3628
2277
3637
3533
141
92
2686
4067
4087
30
4418
3611
4722
3989
3694
34
3471
679
263
1247
731
1236
48
2963
249
4351
1445
337
1691
4156
2331
4897
1958
749
630
1523
4995
1018
3490
2889
1607
3031
1632
2837
935
1187
62
900
2918
1448
2840
3699
2452
82
782
4893
1613
2765
2320
2111
146
2008
2235
2058
224
949
3791
3813
3391
1050
142
4809
2171
4823
3470
4164
579
4499
3706
3495
3559
4740
540
694
1954
4197
1728
4663
3436
1264
4686
1286
3189
2206
4739
4724
4285
1403
1402
454
4834
2507
1085
3307
3616
3430
4960
4581
4543
3188
1606
3631
941
660
2720
4713
4186
4050
1977
1461
4012
3629
79
620
1410
4003
4127
4019
4070
2965
2894
2668
211
1429
2526
1196
3468
552
4161
313
2120
3253
491
1424
3228
2275
958
713
1261
379
2468
784
2692
3202
3347
3266
991
1737
2950
873
2467
4126
2738
2577
1719
4634
1983
154
1759
1309
4393
231
2384
1548
3179
412
334
236
4146
1822
461
4590
4010
4750
2675
2932
4439
4801
1824
4639
321
163
4646
3059
3255
3010
2113
3877
2417
3784
3019
2360
2640
13
3496
2634
985
3382
1414
884
4409
3959
4720
664
822
733
2643
2266
4619
380
2693
1046
3355
4601
4859
1677
1561
3385
582
2056
1014
389
3036
3569
710
2186
2586
2326
4041
3002
3131
4121
2898
1377
2288
3692
456
3824
1230
1819
2782
2414
3663
1971
1107
566
2959
2947
3576
3302
706
1143
1645
1537
3298
3875
344
4039
2295
2282
1497
3340
2438
3484
2247
790
4959
2298
1227
1467
3578
3679
2037
3022
1789
3893
2016
4862
2334
3558
3317
1557
270
2372
3583
2425
4022
1127
3208
2413
2249
2861
3239
647
2163
4545
1395
3721
4222
2407
2021
1894
330
3184
1916
4342
1442
118
550
3891
4219
3895
559
4399
2241
3148
2903
4341
4428
1382
3948
1816
3370
3603
3256
209
267
2150
1024
2610
3123
3662
3701
1140
1930
1199
3788
4171
1204
3178
1922
2543
3783
1890
4761
755
1834
3996
3641
3337
1953
509
3733
575
1293
3979
2474
561
2373
2846
4856
3972
2394
1674
4871
2621
913
2956
1912
792
4723
4642
2644
2280
3499
4441
3843
1951
2699
2344
3661
4650
3431
346
3598
103
3267
2754
2154
3345
157
1972
2706
2050
4205
606
2975
3084
3111
3619
1027
2613
1715
1769
2938
687
1494
1219
3780
4618
2471
1513
4239
2165
1355
2921
2338
4233
2990
506
4287
4273
3209
4004
2410
852
3062
3572
3845
4407
398
3971
4360
4591
2312
4014
4454
268
2289
1092
3201
1844
4778
1428
4764
1544
4072
828
4347
3388
692
3675
4843
4144
3974
2795
3623
2463
934
1641
396
2006
888
2089
1235
3821
437
3061
4680
730
4807
4765
911
1217
331
46
3776
3130
52
473
2558
1901
1896
1800
2255
4489
3104
678
728
2912
1727
2152
4955
2014
3645
2789
408
3713
2390
2568
2251
161
507
1517
867
3222
391
1387
3309
3404
1079
2064
815
1312
1201
4030
3049
2182
2319
64
1366
1848
537
1320
4712
1211
2444
3383
3147
2958
1717
2308
333
2337
1500
1563
372
2953
3737
4874
1074
2027
245
4337
3335
3970
1350
1360
2549
2148
1446
2264
1725
3064
341
2261
838
427
4391
4419
945
4968
1498
953
3466
281
2115
4346
4278
1126
3102
4194
1664
3469
4822
555
1205
3453
1271
4309
4757
2179
718
4520
4756
4533
4376
4160
3217
3125
1754
2841
3702
3047
239
3903
4262
4970
3924
1225
2598
4434
1597
3315
4508
3773
3091
442
3252
2907
136
1718
1847
2139
2185
308
727
3638
601
3057
667
2534
2611
306
3953
2432
2033
1767
2553
2927
3108
2827
3212
2698
4644
1835
1331
3259
4774
3232
2968
922
3659
788
2585
2494
3700
201
3795
1766
3622
4453
936
833
2074
85
1752
2005
4037
2106
3509
3285
2445
3003
4624
4380
1183
4403
3930
1011
4120
455
2612
2852
453
4184
581
3915
4975
2786
2648
9
592
219
4212
1393
4656
1671
3192
516
3472
4647
2258
1241
347
213
3214
1462
4580
2857
153
2844
3264
4494
4629
3402
1668
2771
4389
1072
4605
2673
1994
4716
4902
4427
1680
2617
2389
560
2590
741
3330
3452
4631
3321
3488
3506
4195
2365
932
4356
4569
1556
4585
3819
2480
1655
174
1399
3274
966
1940
4152
2639
1443
1707
3543
1223
1581
2676
368
4547
181
2433
1397
3779
1493
522
4318
3025
2712
243
99
3095
1242
1257
681
3086
4519
2054
765
4714
525
1566
843
4911
1636
3561
2210
143
2214
1580
2421
4996
2291
4779
205
2624
186
1998
2999
1195
3290
754
1785
3434
3226
3425
1867
2131
2821
3530
3421
3441
4063
695
2778
2734
3331
377
808
1554
1380
4954
3438
1569
3817
2055
761
4645
1171
1562
3262
826
3085
3497
722
1591
2974
3650
1328
3372
3874
386
633
3841
4500
2400
1405
3261
3512
987
3759
2391
3313
3899
737
1631
1621
2924
1421
4138
1611
3030
544
4483
4799
2434
1306
4570
1699
4227
2933
1060
1820
2301
1941
1837
3828
1633
122
3053
3854
2509
4272
365
796
180
4559
4582
137
4810
895
4920
3963
3870
3954
3765
2616
4117
4131
476
1336
724
4685
3729
1792
1884
578
4343
812
3504
2783
4057
1136
250
1030
3542
4173
789
2817
2678
4438
233
4633
135
721
4882
3743
2076
4535
2212
1034
3808
4507
3341
1639
4245
2730
863
1701
4299
266
565
470
2252
288
891
1570
4411
4983
3942
4224
4396
248
4371
1670
2173
1062
1437
2476
3513
4555
4112
587
446
2943
1505
2578
4681
169
4372
596
2520
2717
3248
3233
2042
413
1174
3249
1568
4655
4806
2597
3747
2248
605
4068
128
2908
4659
3502
2547
2098
3080
4850
1811
1477
4259
944
310
3015
3829
3570
1044
4480
2656
340
1515
564
26
4683
2156
2328
4592
4528
3657
2822
3853
627
1298
4836
1846
1475
967
1891
3796
3744
4587
4257
2257
1551
847
115
4540
1870
3094
3106
212
2516
4894
2513
1358
1937
3902
2197
1988
4925
2013
981
3876
1222
2594
2649
4229
534
673
1743
705
4884
1617
4785
1630
2341
1871
2364
3099
