24298
32764
24881
39111
10620
28993
27196
30273
45875
23228
45945
9618
11663
29962
12422
40178
42902
9445
16825
47878
47855
41413
47006
38728
47068
45071
48538
11791
15688
13390
18127
6337
12505
43007
45448
23125
38351
22643
3397
577
12223
15693
10194
23885
45654
22615
30414
4907
32059
13590
2784
46266
5003
16141
34993
18422
27563
33530
30213
9602
13272
48339
15939
25776
7697
11386
15252
46047
34028
35000
12975
12602
692
23169
2838
46345
12135
33252
17603
44194
46841
36738
6811
18195
2878
41803
36617
30441
41684
33181
40042
21307
31519
22332
13435
5567
33717
28686
17965
34097
13686
30939
46698
14377
4107
49536
27074
32594
32787
11028
26787
45979
47766
49949
30526
16995
8103
17142
13787
49786
322
20181
37445
48192
42512
879
20110
26229
45916
38074
10325
9601
19012
23374
40330
39471
39261
33755
22064
38399
44782
15202
34378
8899
15150
14903
25894
23252
48396
39680
39389
15069
9860
26833
29612
2372
27711
49721
44952
23627
37794
21628
49579
6805
11353
6260
12627
614
40014
34690
39012
1148
49891
39741
26398
15040
20995
2291
4643
19390
8323
44032
810
34534
20864
30421
3257
14927
46493
14560
4905
34286
36187
4483
7443
47540
10743
20069
14505
17108
4759
3516
34607
21001
9609
11005
2393
30603
29647
7035
16345
37969
17418
33506
38855
38282
13927
42111
19560
26771
6671
24464
11057
9209
28946
18499
23100
6040
4919
37604
39500
9677
7472
24106
47030
17080
1462
49422
14034
31109
6456
30378
35429
23874
30236
24283
28507
10514
32746
48066
37284
5768
38881
48340
14976
34178
33190
38076
40218
38109
42031
46069
14137
49502
36526
11166
32933
37988
26939
46967
35448
33395
43696
20876
23620
23931
11511
18478
34444
10608
32895
21728
16375
21775
20067
47702
5952
19609
35777
12521
7717
27808
24941
38205
43661
11467
15723
26594
49454
42661
23560
1253
42407
17255
22128
16026
7538
49990
855
41981
10597
33749
13708
26971
21875
127
24673
44179
19735
26801
23051
43803
20960
47992
32007
30973
9458
47729
7566
25263
40390
47477
26515
32796
31083
14994
15174
38620
31336
32380
30601
41932
32481
10660
35255
4355
10786
26279
14885
46872
3079
37936
40674
40391
35927
39033
21363
45384
3113
45280
36998
43502
42756
29864
42650
40190
44857
24175
28810
26192
22906
25762
34476
5386
36421
19730
26093
47207
12360
40977
10430
31790
28912
1104
22180
31190
6488
9894
42925
9600
21525
29922
19454
30632
9785
28455
20822
20994
18981
49631
13537
41886
25392
14364
47272
28164
445
39716
41722
12804
30692
2152
44594
25956
19607
33125
7145
26094
9371
70
2045
30895
46343
21498
11527
22480
49952
32348
9825
35284
48330
39713
27170
40073
4077
40793
18236
20873
30508
9958
33677
27551
28461
44622
19858
48067
27746
43355
40512
37116
43424
42556
34363
6118
30406
45889
44949
46709
44588
4773
31993
9269
10838
9162
49341
31266
16306
33928
2138
13165
10237
35814
7067
38697
30435
26925
3115
24533
20279
43626
28000
30054
2534
12362
2523
32939
8250
47472
29647
19189
18596
27991
28457
29433
3504
44149
10698
19809
28077
12836
32973
38313
15001
6392
27010
11788
33316
30124
36320
19946
40102
14319
16351
42635
26681
18873
25573
1282
16344
21571
36823
34940
49562
15279
30724
3065
9428
41422
39226
3856
20609
38550
42168
35609
44941
35529
47396
44608
32005
67
14553
22106
14386
30903
14740
7418
49776
6664
25051
32471
44586
11873
33762
10499
43504
14486
29916
19283
22259
19141
23138
42867
7690
15305
28475
18983
17186
42223
13590
49190
42289
28143
21295
23026
25397
2386
46795
41524
25401
38198
23995
36338
70
24108
46837
9925
38593
26752
29207
27203
45892
2344
20069
19933
34001
14896
38915
1186
7118
2505
16727
15758
46999
38021
38784
38747
6758
1930
30271
32158
40127
20617
18495
6549
44724
31683
16473
49669
8434
45680
26871
20677
14375
46940
6962
14727
28187
45876
15912
35304
14732
48990
1061
28082
37010
6196
16829
10119
8126
13451
42276
14604
34067
27123
21152
45142
25157
37625
11162
49943
49656
38033
20619
14030
1324
43932
28757
29510
39808
11020
31165
20891
10010
32225
15325
13371
4773
32153
23490
29250
11955
32117
43853
46021
25591
31357
7514
748
18981
18676
17042
34988
23060
37660
15369
24383
31592
10477
20244
37751
21497
1408
24993
47858
49984
40317
27580
4756
38821
17421
357
775
15890
44210
13147
7832
41918
37013
24931
10898
5688
41972
12237
28747
45984
27605
19481
27575
38082
39724
31677
25930
41131
23021
40139
7466
13338
17718
12222
18510
1491
28930
35637
17380
39491
48783
41563
31408
2147
16494
8657
7834
8465
20893
36580
4448
48498
22412
48374
2931
12135
46402
28860
19617
19423
18998
27083
49112
3067
5656
17621
20909
34585
19609
4640
24076
34744
46203
21835
36890
12696
30492
44724
37512
1384
47655
41960
16233
20067
6685
19163
48553
3087
48022
18170
22509
33371
11604
37972
2790
17259
21944
23698
18195
41553
28338
8622
26296
24540
30457
13185
3587
10948
7908
41098
28683
21915
49409
44916
8333
6094
30430
6885
25532
44804
41406
14392
28174
3009
2363
47315
20267
24306
21013
4814
15858
15702
13435
8505
6593
43891
21690
10179
21190
45949
17628
49873
34215
33389
44788
42547
5834
25217
49432
31365
20020
40837
45756
14546
10198
14470
11860
46816
38775
49224
1629
20985
14925
15064
29489
21517
25306
17530
48047
46496
13479
32027
46368
14045
15415
7507
6592
21248
32723
22375
18964
19095
29563
14719
49992
39760
29188
11851
36576
34314
27427
38204
5298
42351
19619
1139
30220
44925
35020
44618
41420
14850
42996
37787
28895
8410
11645
35486
46009
44367
24212
14972
29813
3774
46042
29804
9886
41581
8007
46461
25895
35433
1016
47544
44135
20635
15034
40706
31911
54
35324
39682
14903
44671
43820
43797
19433
5464
45634
15441
49830
19845
46765
45995
23619
9158
25798
33504
739
156
46316
42985
35588
13683
6880
46075
669
21914
36780
32579
38319
38455
22260
3221
33126
16079
13370
2558
21542
9003
34350
37724
45200
31114
70
35170
40272
42219
35025
7362
42375
31340
346
44314
45022
7225
40388
12043
45490
43520
44621
33808
31974
33233
37029
31451
15663
16750
360
3557
25752
34710
41280
20951
32175
7701
22472
38798
49919
7496
46159
42293
5187
12856
2959
209
20081
43346
12251
31922
36865
23223
15730
35191
6455
19110
16641
22118
35859
17001
25674
27962
18062
33305
15265
236
41005
37736
39034
7275
45232
1544
15920
418
14400
18878
16978
832
28575
45580
32753
15440
18803
14834
16982
41609
33943
49974
30078
19801
33326
22103
47763
1387
5407
29379
17975
12763
17114
7008
36390
12345
24903
2309
29115
39302
21186
46092
6485
16112
8024
39238
47903
43178
4071
14884
1138
4366
14858
31216
24166
14535
3318
38280
15922
25077
17658
33896
4191
1124
7255
40580
29820
32157
9240
8934
37811
46777
21378
44295
12889
45753
33532
10791
38930
3955
25675
40067
8320
6884
37634
48837
21418
40952
3469
3691
32380
37478
3938
36570
38601
27544
43502
34773
9701
2741
43706
47511
49518
31435
41805
28758
27187
41689
39548
32468
11995
31574
38887
36666
38457
26520
1854
26227
17471
5322
46269
16202
9152
207
2772
47752
27750
12625
32524
3802
15365
42582
17664
31234
40368
25821
9991
33907
17509
15891
16374
45855
47464
5260
32520
2273
48132
725
28499
15602
6047
41119
31804
15198
7677
927
29301
35427
13551
28177
5580
45267
37110
23244
42853
27477
49064
19195
11383
32924
35085
44109
45130
32549
15720
44001
34821
13851
44725
29671
45805
17123
20789
43960
32320
28466
44886
27973
30244
24788
6149
35823
36406
43258
25418
29258
37086
40833
48453
48469
23756
49889
8929
35237
32437
24648
29237
33609
38499
23962
29631
655
41084
420
44614
39756
45237
5851
34080
25480
30638
6580
27654
33395
16189
19424
12653
3274
10256
27457
18094
364
43697
27022
35600
42486
18022
14837
26094
6520
5150
5725
7174
12585
22496
18139
2340
17732
23989
2771
9563
4626
9350
37216
38020
25538
22991
17024
45164
33247
10832
13257
33610
4529
6631
35561
13366
24652
16749
39459
47523
21898
11535
4696
835
382
22834
19526
18113
13174
22297
44027
17799
31646
47595
22170
23536
20585
5546
18699
3831
32729
48307
3792
3609
4937
5705
16974
29588
22453
22785
27110
10703
671
48157
11537
1053
37342
47414
19165
515
19710
29544
34665
17708
27138
23187
41243
47722
28732
26293
17905
27812
24599
21696
47773
29536
43752
14746
9123
16205
3882
2585
43259
4553
741
21147
5605
38083
18560
41121
4949
4622
20664
39614
22329
14153
12800
29923
11875
7883
6215
29779
2046
30813
17826
49818
26700
11578
30916
35823
44134
34797
38407
3744
5701
5499
24890
11305
43581
9801
18778
48530
14422
5793
4495
3102
19946
17294
33024
48172
41528
39238
27950
43573
36403
12127
43391
13102
23704
24306
15276
34189
25454
20034
37932
31155
25533
29173
42459
35465
38974
27588
346
19747
49733
4840
22849
19678
38485
5872
17849
30012
11462
12150
23585
47864
24276
33327
10965
14332
7632
26241
14872
33085
46274
2804
14239
38158
48328
23050
23623
3653
16989
23968
23400
16721
45160
12600
2750
33644
34823
36950
30008
46284
49099
3592
44147
39727
36918
21464
20410
10901
14056
35281
10337
26681
4436
24576
14839
2764
13977
38461
6416
30965
28780
46167
14038
40291
25118
16787
23935
9941
3737
3942
6224
19187
23885
16723
8913
27154
38186
45674
4406
18593
30955
14742
45273
1742
5669
10111
4505
35997
14923
27273
16962
10055
39791
47351
345
14909
14137
40631
24849
17873
10924
47424
3412
34808
14146
12324
28313
18683
24350
32718
3627
5304
13812
48900
23397
19480
25362
27902
21829
40285
21526
5142
339
27668
2492
17035
42576
16628
7666
33776
853
18589
31200
4264
19749
11697
32939
14413
46732
7288
47131
358
28943
27294
15609
2340
13125
40971
46593
34953
31255
34470
40094
47945
12137
42585
31331
21065
25565
38996
4840
26417
23937
2391
47032
43685
30440
29970
8097
27171
3610
21579
43880
48904
48872
9489
1243
28349
459
14187
13301
48065
15008
3395
12361
27145
12331
43691
48209
37895
49039
19400
14311
22975
21791
11342
33011
2230
7664
7459
45752
11273
45390
5983
10176
44261
31823
27771
22609
48633
8309
2262
13049
23317
5656
25409
461
34338
35452
15021
22233
842
34420
2895
40168
22562
14237
23178
41143
38252
46988
3246
15876
42377
9229
42403
36638
7403
20173
25598
6036
44834
44211
19084
34502
16218
10845
1314
556
12648
16334
22788
13489
17105
25682
3656
39667
6270
43185
30809
44521
40172
34055
26748
32549
9635
19151
35538
17037
5675
27487
39424
508
21698
24860
35009
37915
35704
36322
38470
48351
19007
27609
28191
36112
3291
31846
25778
25912
41382
22938
36785
31553
23344
13532
14101
49330
32682
15990
32719
38357
43477
22142
5216
31526
47001
6577
19440
32704
42898
24262
47406
11905
1870
25596
14368
21512
23793
6497
13776
15174
29434
560
13079
19130
14091
27179
18459
13125
9521
1177
17833
2997
23319
23048
874
36671
29624
20313
19375
38874
10926
33132
17130
12796
25080
31497
659
15224
4345
14434
30398
33778
14993
43476
19259
45436
37006
37718
24912
46526
38894
42744
15874
28564
32143
16747
15235
11767
3412
961
16992
14337
444
473
43484
25523
48321
10495
40747
2665
24928
37496
2794
6273
30971
22053
18060
34328
9770
42971
47206
15015
2066
29431
43579
34208
12530
25165
12326
15941
26125
29317
46629
26568
29789
6465
18443
28109
16959
9189
30773
8238
46684
49919
30862
44006
21971
48921
44685
48092
8243
8242
13106
10308
37673
23036
44516
202
48200
6841
32494
40676
36158
29122
33596
32298
35586
2038
26759
18896
27578
23883
27134
40613
23801
7995
970
45771
23268
45654
43862
31510
3896
23320
41818
7920
46355
2685
24473
10907
9525
6966
1582
12034
36087
35177
10684
38025
3566
37442
6920
31143
11324
34053
21755
35125
8400
22724
47247
31667
34730
41109
29528
4977
14428
21345
12896
27134
40381
37368
38040
16258
44333
5974
28291
46771
41150
5326
1147
11068
42767
8067
42210
20443
8471
13965
21919
33222
3040
19165
14888
37769
26625
44416
42745
41052
32112
5640
34538
38845
9359
22577
5102
20043
28550
49744
33166
36052
5070
34312
47119
14188
8730
5680
34630
33553
35996
6548
33126
39036
42065
48014
26804
18689
8781
35901
26093
7244
7892
10630
12440
17251
49558
17541
3645
44460
17285
36810
46863
38706
37474
10333
2893
12555
16012
3875
12459
2008
10422
45585
41043
18838
9950
34198
37527
35082
20098
13619
42325
27990
40600
4765
45240
40157
38657
15236
968
5941
18398
47830
10998
5871
8162
13891
34777
24174
17765
47236
42533
44538
9172
33575
13376
19121
34124
17254
4202
4222
47224
12878
32211
37823
33994
43802
44331
22651
9037
45299
44943
27434
9480
5941
49656
17642
36183
785
8167
3947
48020
699
14836
23543
625
28211
42663
34748
45464
46864
5321
9039
26093
37531
46861
10087
47684
7544
49089
6721
2842
44031
506
28673
16323
16514
46314
2505
17298
20832
22803
31669
21530
37639
5211
38506
15849
14225
39606
27665
27440
44926
36703
3532
32457
49916
13618
30140
7459
12706
3212
26652
23089
20070
5324
39411
2935
17990
8268
20232
38821
31070
18252
26703
35060
39814
15208
17261
4038
4813
44925
31477
49739
47979
35008
48547
14246
14978
45038
21704
27683
48250
14707
17123
34671
20031
22886
37605
4372
31153
24188
43192
28574
8791
19894
13634
48604
35102
30894
18993
6266
42170
16821
22356
6500
1828
20902
20746
33157
15940
8801
27192
30541
39860
44314
31563
26242
17199
19167
30613
14703
9706
23804
43277
18496
43698
23262
33451
45151
20507
2443
17768
29028
19263
40124
35527
37442
11025
22624
20599
43316
47777
47790
40208
37636
42103
21770
13877
25654
7288
44489
40356
33345
18292
49984
1840
28341
39597
35290
39843
26455
4084
7611
5482
23346
47734
41009
10788
25110
29984
47738
34778
27760
45527
24985
15395
3981
13107
45623
45986
36746
40111
2694
20091
24755
19029
38282
3095
24978
39924
42938
1432
44007
16900
6914
33705
14633
14274
10844
39742
44257
8581
24519
38369
20459
15856
20115
40791
28962
15738
36777
32059
22200
39470
18501
46954
24850
6783
16401
49827
13058
25690
1259
7064
42589
8172
7120
7221
22445
17963
13314
33053
26543
4185
21421
47001
20040
7888
37792
15353
23625
40920
13763
45824
46741
32264
9130
21590
5398
25530
21417
18455
17571
22675
25518
10159
47198
32638
33731
35994
16952
13396
19046
43495
17580
6819
6847
3971
14706
10990
35675
4682
1909
49438
16857
48649
31701
25986
36591
37098
17867
8007
21904
1789
47033
13773
11947
44230
12762
12029
30223
29714
41777
15620
23208
9356
38790
46406
29679
3495
7396
15353
24528
25656
31142
41385
40657
12842
33722
27247
16291
17941
1605
38194
19729
48637
1967
48028
42866
14728
10056
39440
10793
18184
5059
34000
43892
43849
46758
23570
13695
20505
5274
4575
46160
36416
45959
3168
15609
46032
30414
48252
13972
32018
2797
33701
47006
4763
31728
39871
35843
8135
45662
46635
26319
721
46987
20210
10921
43744
10131
40967
30600
15404
45541
26759
18171
7851
46279
33780
3883
26692
48383
17854
25062
1179
17906
22067
5942
15985
28290
8136
24120
23951
21122
16790
41023
34460
3351
18295
44555
29833
9262
25154
11588
4802
18265
29759
12653
14543
29890
16535
41234
28272
740
32647
29450
18646
21066
1743
34630
15707
26230
25101
6009
13704
8242
47032
48163
11592
15326
42718
7776
24587
17871
19364
45741
36135
15474
8393
677
45363
41279
8263
39986
8370
7261
35787
27015
44678
37530
27997
10384
30111
19449
16393
43814
27691
13424
41977
5634
45101
1046
13410
36040
18916
49125
31780
21403
14598
6524
38431
26312
14154
13045
16297
22523
36658
2083
15890
31335
5964
10238
41719
2427
29686
8111
46240
23728
37886
4568
29362
49338
5613
9123
35377
40881
8247
33508
12283
39196
6383
17065
15507
20536
46462
48155
9411
33119
16589
25300
14453
38905
35537
22523
41331
31574
46985
37570
5302
34870
8490
1015
560
14102
26489
35936
4982
1087
35796
33616
40282
42178
681
22140
12714
13494
20294
22124
46612
36882
13775
27416
42138
15663
49939
33468
47236
13275
37390
2537
14497
45879
19903
15056
9980
46391
991
14962
47477
3138
14929
4110
45316
31961
26249
24381
45454
12894
12856
42065
16128
26630
35833
8265
8644
2123
41733
5879
15397
45474
24768
29893
41352
44670
44948
17683
7413
12291
48996
21241
15428
13925
25351
27095
45885
17951
1475
41339
30845
30682
49755
46972
23663
1939
5236
32306
4061
13320
38185
35810
8793
29304
15702
144
40325
27002
17827
47737
5644
16822
18978
21071
47098
10680
14518
42983
28630
15992
673
9474
13026
427
6445
36688
18718
11681
18994
22778
25000
7178
8587
145
2833
40641
288
43157
33994
34466
40894
39637
17640
26223
10707
14737
36902
41576
7719
31883
7568
24743
41357
36945
41522
14153
23632
10239
42185
42625
49368
33537
16154
7955
33681
18986
14947
33968
12143
48940
34786
3036
38576
2425
45610
15634
17161
48863
7210
41232
30745
31129
32326
22101
18073
23847
2606
41704
34085
44790
681
33453
28326
16834
7759
12006
35820
39057
12326
14314
37996
47111
33701
42923
15887
29310
24908
49399
28172
32117
6982
25268
29597
39308
47369
14021
13154
16326
5725
13591
11115
22757
13395
39441
39590
37505
17798
41761
26561
30123
6074
30908
43585
39774
40182
9471
35435
15089
25222
13606
13558
32203
38874
43154
37862
2594
7175
17368
18919
29251
30958
46385
2007
10704
35825
7948
48208
3623
49709
41120
97
22134
38379
10034
11908
28560
35856
47342
43648
11077
27300
7205
9632
32525
16711
47493
1470
40237
14860
20388
35839
12169
16772
4197
39224
18949
12144
37431
38923
28204
44902
5371
16690
33280
15404
44949
11839
1260
8642
21839
12336
35941
45395
38319
34817
28457
35812
36286
18693
17023
23025
20883
45544
6149
25079
34767
25097
3575
38550
30371
48130
33451
35741
14819
33083
17497
9767
11273
18756
18409
33111
47443
20701
44858
35762
21870
23314
37925
8155
8359
21299
31180
29241
16842
37328
4320
1609
28776
24246
6510
9146
22375
39960
11238
37194
39394
45086
13312
667
13841
48072
129
27636
18773
44986
29749
40642
34652
34025
15148
43010
5323
46327
38602
38517
6
42921
40125
28781
33518
12986
4278
5893
2945
31868
43086
8691
26953
22749
9357
7146
20821
9485
1133
39593
20823
47233
46586
21826
31257
11733
14835
2931
24412
19788
41447
24417
29061
47923
19550
12578
10908
40179
18470
30205
22046
27907
38895
15351
656
48251
22496
21476
24087
23628
27420
11261
20860
24005
33086
18468
2089
14272
21398
42852
34060
12845
33621
13120
10767
3170
25697
21675
43348
10519
1879
31746
38425
7125
47096
39080
5375
19591
10555
45813
9570
4326
7074
46781
44682
6511
31600
46771
20783
2997
5974
4842
32193
39594
34313
42960
9115
26361
30986
2463
36879
49216
34208
25304
6340
47655
14383
28066
33597
41290
40230
9518
45615
47303
22650
40297
3814
4249
3419
40948
7245
9392
12141
5790
15338
46453
15101
24452
22813
46086
43266
9692
11653
43825
34995
34344
41479
15729
28761
25075
23370
18990
34592
18985
32645
7241
25633
2810
27841
29051
43757
35086
4794
5897
7227
36483
18701
22327
10935
41513
34764
4200
17556
12768
48025
2550
47111
5855
34631
42223
30930
8000
11212
31873
43336
43856
5466
18968
46665
33306
14370
6773
34743
35516
12669
41969
21998
47721
14295
32932
39234
15410
3484
6789
28177
1508
25691
25287
23714
26673
17509
4643
34672
45073
2868
28008
5280
8333
13327
18297
41638
27697
25069
26381
13212
4090
34701
1561
1810
15348
34493
7395
30757
4328
14184
8934
22187
6226
572
45900
32898
34433
543
33921
29505
3410
11928
34784
28094
41607
3080
19731
19303
44501
12463
48866
14942
47164
426
16751
12511
1270
24146
9619
5597
4681
18552
27783
27258
19124
40035
10155
19908
40577
10427
49412
10338
38707
547
4783
30313
19979
24513
49615
14479
3328
14832
29420
16843
15257
12522
45705
32879
3019
5323
38475
24051
40227
32610
1308
25702
22644
27814
45609
29572
38241
45020
6261
43299
11918
11043
23611
31896
1907
39577
12726
5234
4408
8497
38428
36016
37371
34132
18894
40389
39455
23721
14440
29681
22682
32099
5382
11677
26265
990
41248
30857
12361
13860
24155
40630
41254
47765
22526
43160
37341
1603
14746
8100
10100
3173
10467
47470
3657
29361
4210
43111
19433
35001
39143
8466
17100
10876
20142
43364
11865
27741
24220
40577
41600
48374
31206
32853
12490
20083
42364
16182
21686
23461
24281
48137
26634
34747
11958
30290
30459
16167
39752
16243
1168
28894
24708
34619
6121
11201
44334
34337
38941
34905
24913
46892
49630
22470
46096
12119
8905
38460
28300
46942
11920
18932
45078
4905
20030
7035
1546
16841
39553
7649
33083
7072
2894
24143
41690
9014
35343
2375
43350
24284
37279
18262
37527
36908
7084
33623
15378
15988
22082
43677
12929
353
28960
24358
21610
48990
47744
39507
15830
37296
47156
15264
10720
49
39406
2409
9063
41101
4784
2412
31736
8414
37026
19262
45322
10461
2884
10699
42800
41317
20728
5728
41670
49687
46437
29631
15028
44180
19137
47209
47827
16292
28825
8546
16341
34582
27307
41755
25682
48442
44166
7417
6855
47543
43031
18528
8003
45914
29227
802
37231
16306
22881
45252
15992
35669
41234
47372
29848
10370
44580
44027
43014
39756
18924
9354
24338
46230
17460
19
11023
27977
23788
17878
25520
16818
36405
49874
29083
31983
17028
16313
48288
6260
27916
30632
41929
19149
28003
21776
45871
38934
32154
38884
28690
1078
14589
19379
47307
32048
19397
8330
10024
9536
42559
1895
26353
45315
1769
5436
27298
35148
38100
25585
41407
32368
22568
33335
1516
16922
21463
13738
5856
3616
2621
897
4693
17209
20275
18352
49256
6023
43033
25632
15559
1943
27526
8263
47257
45646
30050
24554
30793
18150
16491
22200
16869
39058
5534
34736
22332
26996
48474
44539
46964
1094
45435
1656
18303
32061
36359
33910
4435
29391
9541
19993
47685
37067
44608
44942
32712
24657
35847
29857
9158
2337
2056
26026
7747
23941
10762
30078
17289
9235
24616
30604
10328
36402
32259
44982
34814
34970
28892
39248
30712
4784
25593
28397
8202
20200
23338
7266
11208
9184
37122
20366
27873
5529
46391
1971
45821
7152
32048
29461
16386
23015
10064
43066
25768
8675
4399
10581
43644
49642
16180
40707
4426
41772
19103
12627
28323
8792
19892
39531
17976
23365
9896
12200
28893
22638
14170
24714
29790
12569
20526
12527
35583
30590
21944
11350
39264
26343
38282
49259
25984
4461
39965
30409
12585
9068
9388
7259
17859
45631
46789
2186
18996
23036
14385
14240
45674
44906
38953
41815
7474
9479
20693
9408
6420
42637
37109
45683
18979
25390
44941
11314
46203
34905
8075
25139
10324
17462
32397
28183
13092
45538
46720
48439
34925
27457
12679
46950
22362
17983
38764
29836
43813
9457
5595
232
2093
42704
45914
37423
34445
7206
48736
46999
8463
6810
22137
18786
40623
4534
46968
3715
16423
10040
18505
1347
37496
31183
48297
9857
49166
3412
6044
9330
12868
11639
9562
31312
4342
21827
35086
5138
45385
33822
2137
3847
40631
40625
22632
31254
11510
35952
1320
27932
45991
36176
29279
33486
17359
43927
43342
32876
47338
49386
8557
26558
11024
18118
24221
31717
6297
9307
3206
1681
43128
5342
5527
110
12319
28158
47715
23828
14109
15386
1760
10099
17914
47390
9936
35272
41316
3278
34499
5005
19015
43055
31562
46390
27525
22135
28106
33821
31441
47663
35501
40920
19357
7379
7381
31675
35536
21448
5502
15997
3185
7261
42447
21098
4650
2383
6369
12317
5660
7219
17322
24674
16626
15235
21063
10502
37369
15520
44322
35161
29534
46174
42432
48890
3552
49813
30564
5439
21260
36066
21435
24444
9678
13882
45542
30680
16264
18262
42996
38275
41833
26669
29300
24810
8256
16714
35311
11976
32233
29632
47137
11766
42157
39568
27008
45708
5732
7571
17498
43343
9988
38933
34139
36018
19166
46032
33049
35429
30645
42396
40055
22477
19065
19354
13638
43672
36067
48948
5647
34651
44931
19135
12768
37087
25055
6127
49146
30786
30050
16644
40481
40037
21928
24619
42406
41093
37002
25454
42873
17646
17850
49279
6475
3266
18632
20112
46937
21050
19060
2583
22052
30342
38070
1171
33781
13124
7298
49278
10261
37347
15921
741
43735
4200
41711
36141
11644
28712
27946
4516
46358
45795
3794
2832
49060
38777
22943
12348
26178
8354
14931
48229
5048
3000
15752
38828
32475
23049
38105
42735
26747
20378
43476
20481
24577
35186
22973
36221
13898
919
7088
26607
46713
27234
29438
12125
16010
18732
24472
8540
43438
5754
23120
48485
25105
38871
3664
7579
28271
41768
314
5017
12145
10141
25498
3074
11678
48470
39294
41927
49388
12733
18533
12453
39966
14322
40929
5976
49406
15400
30867
9195
37506
3986
24031
12610
42857
27694
36541
21127
19461
3206
26144
47958
13346
17993
1031
41375
32814
6676
33302
32202
19408
18186
11006
9374
48860
1934
31701
48265
33685
12567
23811
37542
32904
47841
152
25760
41886
3044
13239
27698
6249
39382
25655
35946
23726
43037
43672
6539
49712
43325
5092
35472
11511
16097
11197
10370
34382
9249
24986
34419
38167
15148
21960
21070
12988
38463
13182
21225
7858
26420
48922
14106
32153
24577
16403
5878
33965
10075
12416
33677
19751
33860
35500
31261
16308
13048
7982
690
22296
49319
1460
26814
14466
23419
47883
43805
28234
27416
15029
36091
3835
13951
16549
35987
4879
49303
8216
38843
25729
36984
38871
45480
20843
24370
26740
37150
37417
1074
4191
26064
392
5650
2877
14858
45421
17112
25014
23654
44527
40043
26096
14714
3993
42644
17052
8871
41947
25268
14065
17675
28603
2936
13154
49445
27305
6246
2946
31074
7319
7137
23489
7710
29138
42718
38919
24558
26181
13933
14563
37059
3975
40659
1772
24319
49654
18824
49541
41600
10443
13605
25627
39045
16540
5132
38489
10197
11377
7786
7622
35047
14922
31110
42757
44060
23827
48027
18617
16359
11959
49532
3418
32285
40190
5189
22955
39843
40364
38847
47795
806
2452
39773
39850
35343
44904
44690
45539
22633
2476
19512
7679
33749
622
16787
27808
40800
14814
12777
7159
43124
12308
10576
41761
18849
32116
14715
25043
22480
3562
39189
23285
22365
28961
29487
24059
23865
40528
35950
46497
9355
5461
4175
43104
6082
20962
20911
13234
2127
39
20392
45250
28698
47319
3362
13898
29434
18077
38941
1913
37990
28129
41550
26706
7090
37388
764
47306
27915
3065
10154
37270
8526
30680
30373
30959
17993
17635
44192
20119
34026
30935
31721
12723
44605
35082
26621
24039
19510
31913
42303
23851
10041
204
556
33482
37591
17672
47139
15506
20736
7292
19127
45613
4324
15851
26572
22316
33485
37115
8787
33862
18050
40507
46585
29006
41940
39557
3044
11450
21469
11699
35300
47861
11902
2208
47695
49493
19879
44833
31350
6966
18477
476
2579
22800
16326
45502
11467
16162
32616
20253
24
17017
10759
12960
46023
2699
2516
15418
30500
40336
27116
15799
4548
39018
18006
2242
4862
4236
13427
2563
11202
48255
19390
30132
37406
35715
25633
48872
18228
24600
19125
34603
7969
46235
47562
3991
15285
16429
35760
45784
23116
12876
27935
27664
18245
45940
46257
39458
16528
26035
42020
44081
40641
11409
24212
28046
13475
16196
43270
48054
7147
28746
32657
15115
24980
46570
35457
6617
12999
21217
18752
2466
444
46686
30129
18688
8978
42738
24497
25505
35124
16516
19585
25765
44276
10148
3810
24102
42695
13431
22155
49841
42176
4811
14956
17156
1381
412
40124
30731
37980
8875
33196
38423
5561
29677
23462
14538
38766
47958
6394
23889
14473
42330
16005
25100
18829
19815
49201
11523
33245
37708
11363
41773
42518
42670
25280
10250
9434
15403
7332
47413
24277
6880
2188
46189
2908
25649
27078
41673
23607
33471
31913
4431
42152
47918
29531
10980
34084
45083
38854
33680
32790
16569
25452
41660
9238
731
18261
35023
32485
41945
48788
6762
48824
975
19302
18083
26623
46380
26107
16581
46202
8019
21012
38354
22288
16894
15685
22723
28328
4539
22755
27470
21107
14558
19129
46696
31641
3741
31719
14125
45685
30506
37238
10860
47832
6540
28942
40806
2919
5048
7387
49120
29419
44750
3825
1706
11643
19510
40781
39970
24048
13535
17439
45154
28092
2919
8201
9732
6660
39919
23857
18696
36776
27446
45908
34607
33985
24849
41765
36903
46249
49151
2375
25667
43900
6199
43724
21894
25708
856
11863
16107
14390
45654
27612
8834
14924
35813
34917
37935
25731
8773
6631
28859
36219
18890
29817
36555
43738
21581
39810
6338
20731
42184
48356
30982
14734
8432
2875
6794
9287
31090
22900
40029
26743
512
48862
41666
2676
33778
45953
44758
8903
2583
23616
11473
21472
3433
48027
31561
41365
37836
37899
28448
46371
2606
9429
11105
11037
12304
17898
20324
43393
7149
10352
36487
24012
25565
44504
26687
9342
40456
21445
18244
9390
11412
46068
47213
31196
44095
45126
22561
48282
49376
1008
11005
1981
10436
22109
13018
39091
6358
33341
48835
29858
10044
1673
3870
35608
12529
46908
11301
2984
34704
45897
28726
46116
41964
25938
27311
2410
21063
16223
17044
20438
17230
28048
38771
44018
156
1788
49460
22865
1480
14647
2722
11523
16319
6591
13482
45199
19851
24782
14535
4554
20678
43260
669
28994
35549
44332
31403
22964
26906
48446
9753
10488
26493
48523
20857
43000
16662
20316
32216
18141
1314
34938
46015
33985
7880
25848
29183
27730
630
43717
48636
37659
36976
15656
16652
38877
26339
14407
11840
3245
29204
37944
13732
22049
2819
34588
31400
19480
21255
13616
37621
22569
14905
49987
6553
22784
25835
2087
16866
42816
45804
31853
30474
49131
47508
13478
38007
23847
44236
16198
27091
39791
20494
7174
11839
23312
41761
9591
42791
29367
23206
46763
1935
4462
46750
24839
27245
22584
26926
10462
15399
39081
42314
12224
38211
39822
42053
26218
30020
36288
8767
7110
26079
29260
14283
4269
2571
22395
13859
11714
18113
3416
8476
20048
7877
5225
11238
1474
44160
4515
28287
25910
43595
36953
4486
31806
43126
46538
24375
23145
49178
49493
46606
41608
28753
27240
45876
47675
49634
26087
9388
17746
45854
17864
4145
3731
39440
31735
21556
33600
36249
49842
25861
29844
36794
30346
28001
29919
26884
2375
19415
26061
1867
16020
17668
46971
43259
29895
10998
9244
22333
20385
43342
18187
4600
13838
38269
44040
45572
9824
43991
48173
9665
19851
44368
12811
197
22368
42729
43432
41094
12144
35844
9312
44515
3511
22635
37774
49757
33632
13369
38442
4016
6710
6628
24968
20548
44896
19007
32471
4719
29349
30643
30735
49199
25010
43545
15747
13729
2626
9178
4822
31121
45021
30486
25635
14883
3120
29760
30992
36751
43129
19433
7118
49838
42412
32085
36737
37307
17443
19208
8377
46791
16202
39111
45990
41212
49008
28088
21292
17985
37266
42466
49105
48638
22951
41091
13521
26070
37203
10864
29172
30331
30296
2641
46520
22707
34726
49609
26365
18520
18816
34741
15311
35017
40203
27652
42580
5562
5739
13872
23546
9356
6337
