6
19
24
39
49
54
67
70
70
70
97
110
127
129
144
145
152
156
156
197
202
204
207
209
232
236
288
314
322
339
345
346
346
353
357
358
360
364
382
392
412
418
420
426
427
444
444
445
459
461
473
476
506
508
512
515
543
547
556
556
560
560
572
577
614
622
625
630
655
656
659
667
669
669
671
673
677
681
681
690
692
699
721
725
731
739
740
741
741
748
764
775
785
802
806
810
832
835
842
853
855
856
874
879
897
919
927
961
968
970
975
990
991
1008
1015
1016
1031
1046
1053
1061
1074
1078
1087
1094
1104
1124
1133
1138
1139
1147
1148
1168
1171
1177
1179
1186
1243
1253
1259
1260
1270
1282
1308
1314
1314
1320
1324
1347
1381
1384
1387
1408
1432
1460
1462
1470
1474
1475
1480
1491
1508
1516
1544
1546
1561
1582
1603
1605
1609
1629
1656
1673
1681
1706
1742
1743
1760
1769
1772
1788
1789
1810
1828
1840
1854
1867
1870
1879
1895
1907
1909
1913
1930
1934
1935
1939
1943
1967
1971
1981
2007
2008
2038
2045
2046
2056
2066
2083
2087
2089
2093
2123
2127
2137
2138
2147
2152
2186
2188
2208
2230
2242
2262
2273
2291
2309
2337
2340
2340
2344
2363
2372
2375
2375
2375
2383
2386
2391
2393
2409
2410
2412
2425
2427
2443
2452
2463
2466
2476
2492
2505
2505
2516
2523
2534
2537
2550
2558
2563
2571
2579
2583
2583
2585
2594
2606
2606
2621
2626
2641
2665
2676
2685
2694
2699
2722
2741
2750
2764
2771
2772
2784
2790
2794
2797
2804
2810
2819
2832
2833
2838
2842
2868
2875
2877
2878
2884
2893
2894
2895
2908
2919
2919
2931
2931
2935
2936
2945
2946
2959
2984
2997
2997
3000
3009
3019
3036
3040
3044
3044
3065
3065
3067
3074
3079
3080
3087
3095
3102
3113
3115
3120
3138
3168
3170
3173
3185
3206
3206
3212
3221
3245
3246
3257
3266
3274
3278
3291
3318
3328
3351
3362
3395
3397
3410
3412
3412
3412
3416
3418
3419
3433
3469
3484
3495
3504
3511
3516
3532
3552
3557
3562
3566
3575
3587
3592
3609
3610
3616
3623
3627
3645
3653
3656
3657
3664
3691
3715
3731
3737
3741
3744
3774
3792
3794
3802
3810
3814
3825
3831
3835
3847
3856
3870
3875
3882
3883
3896
3938
3942
3947
3955
3971
3975
3981
3986
3991
3993
4016
4038
4061
4071
4077
4084
4090
4107
4110
4145
4175
4185
4191
4191
4197
4200
4200
4202
4210
4222
4236
4249
4264
4269
4278
4320
4324
4326
4328
4342
4345
4355
4366
4372
4399
4406
4408
4426
4431
4435
4436
4448
4461
4462
4483
4486
4495
4505
4515
4516
4529
4534
4539
4548
4553
4554
4568
4575
4600
4622
4626
4640
4643
4643
4650
4681
4682
4693
4696
4719
4756
4759
4763
4765
4773
4773
4783
4784
4784
4794
4802
4811
4813
4814
4822
4840
4840
4842
4862
4879
4905
4905
4907
4919
4937
4949
4977
4982
5003
5005
5017
5048
5048
5059
5070
5092
5102
5132
5138
5142
5150
5187
5189
5211
5216
5225
5234
5236
5260
5274
5280
5298
5302
5304
5321
5322
5323
5323
5324
5326
5342
5371
5375
5382
5386
5398
5407
5436
5439
5461
5464
5466
5482
5499
5502
5527
5529
5534
5546
5561
5562
5567
5580
5595
5597
5605
5613
5634
5640
5644
5647
5650
5656
5656
5660
5669
5675
5680
5688
5701
5705
5725
5725
5728
5732
5739
5754
5768
5790
5793
5834
5851
5855
5856
5871
5872
5878
5879
5893
5897
5941
5941
5942
5952
5964
5974
5974
5976
5983
6009
6023
6036
6040
6044
6047
6074
6082
6094
6118
6121
6127
6149
6149
6196
6199
6215
6224
6226
6246
6249
6260
6260
6261
6266
6270
6273
6297
6337
6337
6338
6340
6358
6369
6383
6392
6394
6416
6420
6445
6455
6456
6465
6475
6485
6488
6497
6500
6510
6511
6520
6524
6539
6540
6548
6549
6553
6577
6580
6591
6592
6593
6617
6628
6631
6631
6660
6664
6671
6676
6685
6710
6721
6758
6762
6773
6783
6789
6794
6805
6810
6811
6819
6841
6847
6855
6880
6880
6884
6885
6914
6920
6962
6966
6966
6982
7008
7035
7035
7064
7067
7072
7074
7084
7088
7090
7110
7118
7118
7120
7125
7137
7145
7146
7147
7149
7152
7159
7174
7174
7175
7178
7205
7206
7210
7219
7221
7225
7227
7241
7244
7245
7255
7259
7261
7261
7266
7275
7288
7288
7292
7298
7319
7332
7362
7379
7381
7387
7395
7396
7403
7413
7417
7418
7443
7459
7459
7466
7472
7474
7496
7507
7514
7538
7544
7566
7568
7571
7579
7611
7622
7632
7649
7664
7666
7677
7679
7690
7697
7701
7710
7717
7719
7747
7759
7776
7786
7832
7834
7851
7858
7877
7880
7883
7888
7892
7908
7920
7948
7955
7969
7982
7995
8000
8003
8007
8007
8019
8024
8067
8075
8097
8100
8103
8111
8126
8135
8136
8155
8162
8167
8172
8201
8202
8216
8238
8242
8242
8243
8247
8250
8256
8263
8263
8265
8268
8309
8320
8323
8330
8333
8333
8354
8359
8370
8377
8393
8400
8410
8414
8432
8434
8463
8465
8466
8471
8476
8490
8497
8505
8526
8540
8546
8557
8581
8587
8622
8642
8644
8657
8675
8691
8730
8767
8773
8781
8787
8791
8792
8793
8801
8834
8871
8875
8899
8903
8905
8913
8929
8934
8934
8978
9003
9014
9037
9039
9063
9068
9115
9123
9123
9130
9146
9152
9158
9158
9162
9172
9178
9184
9189
9195
9209
9229
9235
9238
9240
9244
9249
9262
9269
9287
9307
9312
9330
9342
9350
9354
9355
9356
9356
9357
9359
9371
9374
9388
9388
9390
9392
9408
9411
9428
9429
9434
9445
9457
9458
9471
9474
9479
9480
9485
9489
9518
9521
9525
9536
9541
9562
9563
9570
9591
9600
9601
9602
9609
9618
9619
9632
9635
9665
9677
9678
9692
9701
9706
9732
9753
9767
9770
9785
9801
9824
9825
9857
9860
9886
9894
9896
9925
9936
9941
9950
9958
9980
9988
9991
10010
10024
10034
10040
10041
10044
10055
10056
10064
10075
10087
10099
10100
10111
10119
10131
10141
10148
10154
10155
10159
10176
10179
10194
10197
10198
10237
10238
10239
10250
10256
10261
10308
10324
10325
10328
10333
10337
10338
10352
10370
10370
10384
10422
10427
10430
10436
10443
10461
10462
10467
10477
10488
10495
10499
10502
10514
10519
10555
10576
10581
10597
10608
10620
10630
10660
10680
10684
10698
10699
10703
10704
10707
10720
10743
10759
10762
10767
10786
10788
10791
10793
10832
10838
10844
10845
10860
10864
10876
10898
10901
10907
10908
10921
10924
10926
10935
10948
10965
10980
10990
10998
10998
11005
11005
11006
11020
11023
11024
11025
11028
11037
11043
11057
11068
11077
11105
11115
11162
11166
11197
11201
11202
11208
11212
11238
11238
11261
11273
11273
11301
11305
11314
11324
11342
11350
11353
11363
11377
11383
11386
11409
11412
11450
11462
11467
11467
11473
11510
11511
11511
11523
11523
11527
11535
11537
11578
11588
11592
11604
11639
11643
11644
11645
11653
11663
11677
11678
11681
11697
11699
11714
11733
11766
11767
11788
11791
11839
11839
11840
11851
11860
11863
11865
11873
11875
11902
11905
11908
11918
11920
11928
11947
11955
11958
11959
11976
11995
12006
12029
12034
12043
12119
12125
12127
12135
12135
12137
12141
12143
12144
12144
12145
12150
12169
12200
12222
12223
12224
12237
12251
12283
12291
12304
12308
12317
12319
12324
12326
12326
12331
12336
12345
12348
12360
12361
12361
12362
12416
12422
12440
12453
12459
12463
12490
12505
12511
12521
12522
12527
12529
12530
12555
12567
12569
12578
12585
12585
12600
12602
12610
12625
12627
12627
12648
12653
12653
12669
12679
12696
12706
12714
12723
12726
12733
12762
12763
12768
12768
12777
12796
12800
12804
12811
12836
12842
12845
12856
12856
12868
12876
12878
12889
12894
12896
12929
12960
12975
12986
12988
12999
13018
13026
13045
13048
13049
13058
13079
13092
13102
13106
13107
13120
13124
13125
13125
13147
13154
13154
13165
13174
13182
13185
13212
13234
13239
13257
13272
13275
13301
13312
13314
13320
13327
13338
13346
13366
13369
13370
13371
13376
13390
13395
13396
13410
13424
13427
13431
13435
13435
13451
13475
13478
13479
13482
13489
13494
13521
13532
13535
13537
13551
13558
13590
13590
13591
13605
13606
13616
13618
13619
13634
13638
13683
13686
13695
13704
13708
13729
13732
13738
13763
13773
13775
13776
13787
13812
13838
13841
13851
13859
13860
13872
13877
13882
13891
13898
13898
13925
13927
13933
13951
13965
13972
13977
14021
14030
14034
14038
14045
14056
14065
14091
14101
14102
14106
14109
14125
14137
14137
14146
14153
14153
14154
14170
14184
14187
14188
14225
14237
14239
14240
14246
14272
14274
14283
14295
14311
14314
14319
14322
14332
14337
14364
14368
14370
14375
14377
14383
14385
14386
14390
14392
14400
14407
14413
14422
14428
14434
14440
14453
14466
14470
14473
14479
14486
14497
14505
14518
14535
14535
14538
14543
14546
14553
14558
14560
14563
14589
14598
14604
14633
14647
14703
14706
14707
14714
14715
14719
14727
14728
14732
14734
14737
14740
14742
14746
14746
14814
14819
14832
14834
14835
14836
14837
14839
14850
14858
14858
14860
14872
14883
14884
14885
14888
14896
14903
14903
14905
14909
14922
14923
14924
14925
14927
14929
14931
14942
14947
14956
14962
14972
14976
14978
14993
14994
15001
15008
15015
15021
15028
15029
15034
15040
15056
15064
15069
15089
15101
15115
15148
15148
15150
15174
15174
15198
15202
15208
15224
15235
15235
15236
15252
15257
15264
15265
15276
15279
15285
15305
15311
15325
15326
15338
15348
15351
15353
15353
15365
15369
15378
15386
15395
15397
15399
15400
15403
15404
15404
15410
15415
15418
15428
15440
15441
15474
15506
15507
15520
15559
15602
15609
15609
15620
15634
15656
15663
15663
15685
15688
15693
15702
15702
15707
15720
15723
15729
15730
15738
15747
15752
15758
15799
15830
15849
15851
15856
15858
15874
15876
15887
15890
15890
15891
15912
15920
15921
15922
15939
15940
15941
15985
15988
15990
15992
15992
15997
16005
16010
16012
16020
16026
16079
16097
16107
16112
16128
16141
16154
16162
16167
16180
16182
16189
16196
16198
16202
16202
16205
16218
16223
16233
16243
16258
16264
16291
16292
16297
16306
16306
16308
16313
16319
16323
16326
16326
16334
16341
16344
16345
16351
16359
16374
16375
16386
16393
16401
16403
16423
16429
16473
16491
16494
16514
16516
16528
16535
16540
16549
16569
16581
16589
16626
16628
16641
16644
16652
16662
16690
16711
16714
16721
16723
16727
16747
16749
16750
16751
16772
16787
16787
16790
16818
16821
16822
16825
16829
16834
16841
16842
16843
16857
16866
16869
16894
16900
16922
16952
16959
16962
16974
16978
16982
16989
16992
16995
17001
17017
17023
17024
17028
17035
17037
17042
17044
17052
17065
17080
17100
17105
17108
17112
17114
17123
17123
17130
17142
17156
17161
17186
17199
17209
17230
17251
17254
17255
17259
17261
17285
17289
17294
17298
17322
17359
17368
17380
17418
17421
17439
17443
17460
17462
17471
17497
17498
17509
17509
17530
17541
17556
17571
17580
17603
17621
17628
17635
17640
17642
17646
17658
17664
17668
17672
17675
17683
17708
17718
17732
17746
17765
17768
17798
17799
17826
17827
17833
17849
17850
17854
17859
17864
17867
17871
17873
17878
17898
17905
17906
17914
17941
17951
17963
17965
17975
17976
17983
17985
17990
17993
17993
18006
18022
18050
18060
18062
18073
18077
18083
18094
18113
18113
18118
18127
18139
18141
18150
18170
18171
18184
18186
18187
18195
18195
18228
18236
18244
18245
18252
18261
18262
18262
18265
18292
18295
18297
18303
18352
18398
18409
18422
18443
18455
18459
18468
18470
18477
18478
18495
18496
18499
18501
18505
18510
18520
18528
18533
18552
18560
18589
18593
18596
18617
18632
18646
18676
18683
18688
18689
18693
18696
18699
18701
18718
18732
18752
18756
18773
18778
18786
18803
18816
18824
18829
18838
18849
18873
18878
18890
18894
18896
18916
18919
18924
18932
18949
18964
18968
18978
18979
18981
18981
18983
18985
18986
18990
18993
18994
18996
18998
19007
19007
19012
19015
19029
19046
19060
19065
19084
19095
19103
19110
19121
19124
19125
19127
19129
19130
19135
19137
19141
19149
19151
19163
19165
19165
19166
19167
19187
19189
19195
19208
19259
19262
19263
19283
19302
19303
19354
19357
19364
19375
19379
19390
19390
19397
19400
19408
19415
19423
19424
19433
19433
19433
19440
19449
19454
19461
19480
19480
19481
19510
19510
19512
19526
19550
19560
19585
19591
19607
19609
19609
19617
19619
19678
19710
19729
19730
19731
19735
19747
19749
19751
19788
19801
19809
19815
19845
19851
19851
19858
19879
19892
19894
19903
19908
19933
19946
19946
19979
19993
20020
20030
20031
20034
20040
20043
20048
20067
20067
20069
20069
20070
20081
20083
20091
20098
20110
20112
20115
20119
20142
20173
20181
20200
20210
20232
20244
20253
20267
20275
20279
20294
20313
20316
20324
20366
20378
20385
20388
20392
20410
20438
20443
20459
20481
20494
20505
20507
20526
20536
20548
20585
20599
20609
20617
20619
20635
20664
20677
20678
20693
20701
20728
20731
20736
20746
20783
20789
20821
20822
20823
20832
20843
20857
20860
20864
20873
20876
20883
20891
20893
20902
20909
20911
20951
20960
20962
20985
20994
20995
21001
21012
21013
21050
21063
21063
21065
21066
21070
21071
21098
21107
21122
21127
21147
21152
21186
21190
21217
21225
21241
21248
21255
21260
21292
21295
21299
21307
21345
21363
21378
21398
21403
21417
21418
21421
21435
21445
21448
21463
21464
21469
21472
21476
21497
21498
21512
21517
21525
21526
21530
21542
21556
21571
21579
21581
21590
21610
21628
21675
21686
21690
21696
21698
21704
21728
21755
21770
21775
21776
21791
21826
21827
21829
21835
21839
21870
21875
21894
21898
21904
21914
21915
21919
21928
21944
21944
21960
21971
21998
22046
22049
22052
22053
22064
22067
22082
22101
22103
22106
22109
22118
22124
22128
22134
22135
22137
22140
22142
22155
22170
22180
22187
22200
22200
22233
22259
22260
22288
22296
22297
22316
22327
22329
22332
22332
22333
22356
22362
22365
22368
22375
22375
22395
22412
22445
22453
22470
22472
22477
22480
22480
22496
22496
22509
22523
22523
22526
22561
22562
22568
22569
22577
22584
22609
22615
22624
22632
22633
22635
22638
22643
22644
22650
22651
22675
22682
22707
22723
22724
22749
22755
22757
22778
22784
22785
22788
22800
22803
22813
22834
22849
22865
22881
22886
22900
22906
22938
22943
22951
22955
22964
22973
22975
22991
23015
23021
23025
23026
23036
23036
23048
23049
23050
23051
23060
23089
23100
23116
23120
23125
23138
23145
23169
23178
23187
23206
23208
23223
23228
23244
23252
23262
23268
23285
23312
23314
23317
23319
23320
23338
23344
23346
23365
23370
23374
23397
23400
23419
23461
23462
23489
23490
23536
23543
23546
23560
23570
23585
23607
23611
23616
23619
23620
23623
23625
23627
23628
23632
23654
23663
23698
23704
23714
23721
23726
23728
23756
23788
23793
23801
23804
23811
23827
23828
23847
23847
23851
23857
23865
23874
23883
23885
23885
23889
23931
23935
23937
23941
23951
23962
23968
23989
23995
24005
24012
24031
24039
24048
24051
24059
24076
24087
24102
24106
24108
24120
24143
24146
24155
24166
24174
24175
24188
24212
24212
24220
24221
24246
24262
24276
24277
24281
24283
24284
24298
24306
24306
24319
24338
24350
24358
24370
24375
24381
24383
24412
24417
24444
24452
24464
24472
24473
24497
24513
24519
24528
24533
24540
24554
24558
24576
24577
24577
24587
24599
24600
24616
24619
24648
24652
24657
24673
24674
24708
24714
24743
24755
24768
24782
24788
24810
24839
24849
24849
24850
24860
24881
24890
24903
24908
24912
24913
24928
24931
24941
24968
24978
24980
24985
24986
24993
25000
25010
25014
25043
25051
25055
25062
25069
25075
25077
25079
25080
25097
25100
25101
25105
25110
25118
25139
25154
25157
25165
25217
25222
25263
25268
25268
25280
25287
25300
25304
25306
25351
25362
25390
25392
25397
25401
25409
25418
25452
25454
25454
25480
25498
25505
25518
25520
25523
25530
25532
25533
25538
25565
25565
25573
25585
25591
25593
25596
25598
25627
25632
25633
25633
25635
25649
25654
25655
25656
25667
25674
25675
25682
25682
25690
25691
25697
25702
25708
25729
25731
25752
25760
25762
25765
25768
25776
25778
25798
25821
25835
25848
25861
25894
25895
25910
25912
25930
25938
25956
25984
25986
26026
26035
26061
26064
26070
26079
26087
26093
26093
26093
26094
26094
26096
26107
26125
26144
26178
26181
26192
26218
26223
26227
26229
26230
26241
26242
26249
26265
26279
26293
26296
26312
26319
26339
26343
26353
26361
26365
26381
26398
26417
26420
26455
26489
26493
26515
26520
26543
26558
26561
26568
26572
26594
26607
26621
26623
26625
26630
26634
26652
26669
26673
26681
26681
26687
26692
26700
26703
26706
26740
26743
26747
26748
26752
26759
26759
26771
26787
26801
26804
26814
26833
26871
26884
26906
26925
26926
26939
26953
26971
26996
27002
27008
27010
27015
27022
27074
27078
27083
27091
27095
27110
27116
27123
27134
27134
27138
27145
27154
27170
27171
27179
27187
27192
27196
27203
27234
27240
27245
27247
27258
27273
27294
27298
27300
27305
27307
27311
27416
27416
27420
27427
27434
27440
27446
27457
27457
27470
27477
27487
27525
27526
27544
27551
27563
27575
27578
27580
27588
27605
27609
27612
27636
27652
27654
27664
27665
27668
27683
27691
27694
27697
27698
27711
27730
27741
27746
27750
27760
27771
27783
27808
27808
27812
27814
27841
27873
27902
27907
27915
27916
27932
27935
27946
27950
27962
27973
27977
27990
27991
27997
28000
28001
28003
28008
28046
28048
28066
28077
28082
28088
28092
28094
28106
28109
28129
28143
28158
28164
28172
28174
28177
28177
28183
28187
28191
28204
28211
28234
28271
28272
28287
28290
28291
28300
28313
28323
28326
28328
28338
28341
28349
28397
28448
28455
28457
28457
28461
28466
28475
28499
28507
28550
28560
28564
28574
28575
28603
28630
28673
28683
28686
28690
28698
28712
28726
28732
28746
28747
28753
28757
28758
28761
28776
28780
28781
28810
28825
28859
28860
28892
28893
28894
28895
28912
28930
28942
28943
28946
28960
28961
28962
28993
28994
29006
29028
29051
29061
29083
29115
29122
29138
29172
29173
29183
29188
29204
29207
29227
29237
29241
29250
29251
29258
29260
29279
29300
29301
29304
29310
29317
29349
29361
29362
29367
29379
29391
29419
29420
29431
29433
29434
29434
29438
29450
29461
29487
29489
29505
29510
29528
29531
29534
29536
29544
29563
29572
29588
29597
29612
29624
29631
29631
29632
29647
29647
29671
29677
29679
29681
29686
29714
29749
29759
29760
29779
29789
29790
29804
29813
29817
29820
29833
29836
29844
29848
29857
29858
29864
29890
29893
29895
29916
29919
29922
29923
29962
29970
29984
30008
30012
30020
30050
30050
30054
30078
30078
30111
30123
30124
30129
30132
30140
30205
30213
30220
30223
30236
30244
30271
30273
30290
30296
30313
30331
30342
30346
30371
30373
30378
30398
30406
30409
30414
30414
30421
30430
30435
30440
30441
30457
30459
30474
30486
30492
30500
30506
30508
30526
30541
30564
30590
30600
30601
30603
30604
30613
30632
30632
30638
30643
30645
30680
30680
30682
30692
30712
30724
30731
30735
30745
30757
30773
30786
30793
30809
30813
30845
30857
30862
30867
30894
30895
30903
30908
30916
30930
30935
30939
30955
30958
30959
30965
30971
30973
30982
30986
30992
31070
31074
31083
31090
31109
31110
31114
31121
31129
31142
31143
31153
31155
31165
31180
31183
31190
31196
31200
31206
31216
31234
31254
31255
31257
31261
31266
31312
31331
31335
31336
31340
31350
31357
31365
31400
31403
31408
31435
31441
31451
31477
31497
31510
31519
31526
31553
31561
31562
31563
31574
31574
31592
31600
31641
31646
31667
31669
31675
31677
31683
31701
31701
31717
31719
31721
31728
31735
31736
31746
31780
31790
31804
31806
31823
31846
31853
31868
31873
31883
31896
31911
31913
31913
31922
31961
31974
31983
31993
32005
32007
32018
32027
32048
32048
32059
32059
32061
32085
32099
32112
32116
32117
32117
32143
32153
32153
32154
32157
32158
32175
32193
32202
32203
32211
32216
32225
32233
32259
32264
32285
32298
32306
32320
32326
32348
32368
32380
32380
32397
32437
32457
32468
32471
32471
32475
32481
32485
32494
32520
32524
32525
32549
32549
32579
32594
32610
32616
32638
32645
32647
32657
32682
32704
32712
32718
32719
32723
32729
32746
32753
32764
32787
32790
32796
32814
32853
32876
32879
32895
32898
32904
32924
32932
32933
32939
32939
32973
33011
33024
33049
33053
33083
33083
33085
33086
33111
33119
33125
33126
33126
33132
33157
33166
33181
33190
33196
33222
33233
33245
33247
33252
33280
33302
33305
33306
33316
33326
33327
33335
33341
33345
33371
33389
33395
33395
33451
33451
33453
33468
33471
33482
33485
33486
33504
33506
33508
33518
33530
33532
33537
33553
33575
33596
33597
33600
33609
33610
33616
33621
33623
33632
33644
33677
33677
33680
33681
33685
33701
33701
33705
33717
33722
33731
33749
33749
33755
33762
33776
33778
33778
33780
33781
33808
33821
33822
33860
33862
33896
33907
33910
33921
33928
33943
33965
33968
33985
33985
33994
33994
34000
34001
34025
34026
34028
34053
34055
34060
34067
34080
34084
34085
34097
34124
34132
34139
34178
34189
34198
34208
34208
34215
34286
34312
34313
34314
34328
34337
34338
34344
34350
34363
34378
34382
34419
34420
34433
34444
34445
34460
34466
34470
34476
34493
34499
34502
34534
34538
34582
34585
34588
34592
34603
34607
34607
34619
34630
34630
34631
34651
34652
34665
34671
34672
34690
34701
34704
34710
34726
34730
34736
34741
34743
34744
34747
34748
34764
34767
34773
34777
34778
34784
34786
34797
34808
34814
34817
34821
34823
34870
34905
34905
34917
34925
34938
34940
34953
34970
34988
34993
34995
35000
35001
35008
35009
35017
35020
35023
35025
35047
35060
35082
35082
35085
35086
35086
35102
35124
35125
35148
35161
35170
35177
35186
35191
35237
35255
35272
35281
35284
35290
35300
35304
35311
35324
35343
35343
35377
35427
35429
35429
35433
35435
35448
35452
35457
35465
35472
35486
35500
35501
35516
35527
35529
35536
35537
35538
35549
35561
35583
35586
35588
35600
35608
35609
35637
35669
35675
35704
35715
35741
35760
35762
35777
35787
35796
35810
35812
35813
35814
35820
35823
35823
35825
35833
35839
35843
35844
35847
35856
35859
35901
35927
35936
35941
35946
35950
35952
35987
35994
35996
35997
36016
36018
36040
36052
36066
36067
36087
36091
36112
36135
36141
36158
36176
36183
36187
36219
36221
36249
36286
36288
36320
36322
36338
36359
36390
36402
36403
36405
36406
36416
36421
36483
36487
36526
36541
36555
36570
36576
36580
36591
36617
36638
36658
36666
36671
36688
36703
36737
36738
36746
36751
36776
36777
36780
36785
36794
36810
36823
36865
36879
36882
36890
36902
36903
36908
36918
36945
36950
36953
36976
36984
36998
37002
37006
37010
37013
37026
37029
37059
37067
37086
37087
37098
37109
37110
37115
37116
37122
37150
37194
37203
37216
37231
37238
37266
37270
37279
37284
37296
37307
37328
37341
37342
37347
37368
37369
37371
37388
37390
37406
37417
37423
37431
37442
37442
37445
37474
37478
37496
37496
37505
37506
37512
37527
37527
37530
37531
37542
37570
37591
37604
37605
37621
37625
37634
37636
37639
37659
37660
37673
37708
37718
37724
37736
37751
37769
37774
37787
37792
37794
37811
37823
37836
37862
37886
37895
37899
37915
37925
37932
37935
37936
37944
37969
37972
37980
37988
37990
37996
38007
38020
38021
38025
38033
38040
38070
38074
38076
38082
38083
38100
38105
38109
38158
38167
38185
38186
38194
38198
38204
38205
38211
38241
38252
38269
38275
38280
38282
38282
38282
38313
38319
38319
38351
38354
38357
38369
38379
38399
38407
38423
38425
38428
38431
38442
38455
38457
38460
38461
38463
38470
38475
38485
38489
38499
38506
38517
38550
38550
38576
38593
38601
38602
38620
38657
38697
38706
38707
38728
38747
38764
38766
38771
38775
38777
38784
38790
38798
38821
38821
38828
38843
38845
38847
38854
38855
38871
38871
38874
38874
38877
38881
38884
38887
38894
38895
38905
38915
38919
38923
38930
38933
38934
38941
38941
38953
38974
38996
39012
39018
39033
39034
39036
39045
39057
39058
39080
39081
39091
39111
39111
39143
39189
39196
39224
39226
39234
39238
39238
39248
39261
39264
39294
39302
39308
39382
39389
39394
39406
39411
39424
39440
39440
39441
39455
39458
39459
39470
39471
39491
39500
39507
39531
39548
39553
39557
39568
39577
39590
39593
39594
39597
39606
39614
39637
39667
39680
39682
39713
39716
39724
39727
39741
39742
39752
39756
39756
39760
39773
39774
39791
39791
39808
39810
39814
39822
39843
39843
39850
39860
39871
39919
39924
39960
39965
39966
39970
39986
40014
40029
40035
40037
40042
40043
40055
40067
40073
40094
40102
40111
40124
40124
40125
40127
40139
40157
40168
40172
40178
40179
40182
40190
40190
40203
40208
40218
40227
40230
40237
40272
40282
40285
40291
40297
40317
40325
40330
40336
40356
40364
40368
40381
40388
40389
40390
40391
40456
40481
40507
40512
40528
40577
40577
40580
40600
40613
40623
40625
40630
40631
40631
40641
40641
40642
40657
40659
40674
40676
40706
40707
40747
40781
40791
40793
40800
40806
40833
40837
40881
40894
40920
40920
40929
40948
40952
40967
40971
40977
41005
41009
41023
41043
41052
41084
41091
41093
41094
41098
41101
41109
41119
41120
41121
41131
41143
41150
41212
41232
41234
41234
41243
41248
41254
41279
41280
41290
41316
41317
41331
41339
41352
41357
41365
41375
41382
41385
41406
41407
41413
41420
41422
41447
41479
41513
41522
41524
41528
41550
41553
41563
41576
41581
41600
41600
41607
41608
41609
41638
41660
41666
41670
41673
41684
41689
41690
41704
41711
41719
41722
41733
41755
41761
41761
41761
41765
41768
41772
41773
41777
41803
41805
41815
41818
41833
41886
41886
41918
41927
41929
41932
41940
41945
41947
41960
41964
41969
41972
41977
41981
42020
42031
42053
42065
42065
42103
42111
42138
42152
42157
42168
42170
42176
42178
42184
42185
42210
42219
42223
42223
42276
42289
42293
42303
42314
42325
42330
42351
42364
42375
42377
42396
42403
42406
42407
42412
42432
42447
42459
42466
42486
42512
42518
42533
42547
42556
42559
42576
42580
42582
42585
42589
42625
42635
42637
42644
42650
42661
42663
42670
42695
42704
42718
42718
42729
42735
42738
42744
42745
42756
42757
42767
42791
42800
42816
42852
42853
42857
42866
42867
42873
42898
42902
42921
42923
42925
42938
42960
42971
42983
42985
42996
42996
43000
43007
43010
43014
43031
43033
43037
43055
43066
43086
43104
43111
43124
43126
43128
43129
43154
43157
43160
43178
43185
43192
43258
43259
43259
43260
43266
43270
43277
43299
43316
43325
43336
43342
43342
43343
43346
43348
43350
43355
43364
43391
43393
43424
43432
43438
43476
43476
43477
43484
43495
43502
43502
43504
43520
43545
43573
43579
43581
43585
43595
43626
43644
43648
43661
43672
43672
43677
43685
43691
43696
43697
43698
43706
43717
43724
43735
43738
43744
43752
43757
43797
43802
43803
43805
43813
43814
43820
43825
43849
43853
43856
43862
43880
43891
43892
43900
43927
43932
43960
43991
44001
44006
44007
44018
44027
44027
44031
44032
44040
44060
44081
44095
44109
44134
44135
44147
44149
44160
44166
44179
44180
44192
44194
44210
44211
44230
44236
44257
44261
44276
44295
44314
44314
44322
44331
44332
44333
44334
44367
44368
44416
44460
44489
44501
44504
44515
44516
44521
44527
44538
44539
44555
44580
44586
44588
44594
44605
44608
44608
44614
44618
44621
44622
44670
44671
44678
44682
44685
44690
44724
44724
44725
44750
44758
44782
44788
44790
44804
44833
44834
44857
44858
44886
44896
44902
44904
44906
44916
44925
44925
44926
44931
44941
44941
44942
44943
44948
44949
44949
44952
44982
44986
45020
45021
45022
45038
45071
45073
45078
45083
45086
45101
45126
45130
45142
45151
45154
45160
45164
45199
45200
45232
45237
45240
45250
45252
45267
45273
45280
45299
45315
45316
45322
45363
45384
45385
45390
45395
45421
45435
45436
45448
45454
45464
45474
45480
45490
45502
45527
45538
45539
45541
45542
45544
45572
45580
45585
45609
45610
45613
45615
45623
45631
45634
45646
45654
45654
45654
45662
45674
45674
45680
45683
45685
45705
45708
45741
45752
45753
45756
45771
45784
45795
45804
45805
45813
45821
45824
45854
45855
45871
45875
45876
45876
45879
45885
45889
45892
45897
45900
45908
45914
45914
45916
45940
45945
45949
45953
45959
45979
45984
45986
45990
45991
45995
46009
46015
46021
46023
46032
46032
46042
46047
46068
46069
46075
46086
46092
46096
46116
46159
46160
46167
46174
46189
46202
46203
46203
46230
46235
46240
46249
46257
46266
46269
46274
46279
46284
46314
46316
46327
46343
46345
46355
46358
46368
46371
46380
46385
46390
46391
46391
46402
46406
46437
46453
46461
46462
46493
46496
46497
46520
46526
46538
46570
46585
46586
46593
46606
46612
46629
46635
46665
46684
46686
46696
46698
46709
46713
46720
46732
46741
46750
46758
46763
46765
46771
46771
46777
46781
46789
46791
46795
46816
46837
46841
46861
46863
46864
46872
46892
46908
46937
46940
46942
46950
46954
46964
46967
46968
46971
46972
46985
46987
46988
46999
46999
47001
47001
47006
47006
47030
47032
47032
47033
47068
47096
47098
47111
47111
47119
47131
47137
47139
47156
47164
47198
47206
47207
47209
47213
47224
47233
47236
47236
47247
47257
47272
47303
47306
47307
47315
47319
47338
47342
47351
47369
47372
47390
47396
47406
47413
47414
47424
47443
47464
47470
47472
47477
47477
47493
47508
47511
47523
47540
47543
47544
47562
47595
47655
47655
47663
47675
47684
47685
47695
47702
47715
47721
47722
47729
47734
47737
47738
47744
47752
47763
47765
47766
47773
47777
47790
47795
47827
47830
47832
47841
47855
47858
47861
47864
47878
47883
47903
47918
47923
47945
47958
47958
47979
47992
48014
48020
48022
48025
48027
48027
48028
48047
48054
48065
48066
48067
48072
48092
48130
48132
48137
48155
48157
48163
48172
48173
48192
48200
48208
48209
48229
48250
48251
48252
48255
48265
48282
48288
48297
48307
48321
48328
48330
48339
48340
48351
48356
48374
48374
48383
48396
48439
48442
48446
48453
48469
48470
48474
48485
48498
48523
48530
48538
48547
48553
48604
48633
48636
48637
48638
48649
48736
48783
48788
48824
48835
48837
48860
48862
48863
48866
48872
48872
48890
48900
48904
48921
48922
48940
48948
48990
48990
48996
49008
49039
49060
49064
49089
49099
49105
49112
49120
49125
49131
49146
49151
49166
49178
49190
49199
49201
49216
49224
49256
49259
49278
49279
49303
49319
49330
49338
49341
49368
49376
49386
49388
49399
49406
49409
49412
49422
49432
49438
49445
49454
49460
49493
49493
49502
49518
49532
49536
49541
49558
49562
49579
49609
49615
49630
49631
49634
49642
49654
49656
49656
49669
49687
49709
49712
49721
49733
49739
49744
49755
49757
49776
49786
49813
49818
49827
49830
49838
49841
49842
49873
49874
49889
49891
49916
49919
49919
49939
49943
49949
49952
49974
49984
49984
49987
49990
49992
