49992
49990
49987
49984
49984
49974
49952
49949
49943
49939
49919
49919
49916
49891
49889
49874
49873
49842
49841
49838
49830
49827
49818
49813
49786
49776
49757
49755
49744
49739
49733
49721
49712
49709
49687
49669
49656
49656
49654
49642
49634
49631
49630
49615
49609
49579
49562
49558
49541
49536
49532
49518
49502
49493
49493
49460
49454
49445
49438
49432
49422
49412
49409
49406
49399
49388
49386
49376
49368
49341
49338
49330
49319
49303
49279
49278
49259
49256
49224
49216
49201
49199
49190
49178
49166
49151
49146
49131
49125
49120
49112
49105
49099
49089
49064
49060
49039
49008
48996
48990
48990
48948
48940
48922
48921
48904
48900
48890
48872
48872
48866
48863
48862
48860
48837
48835
48824
48788
48783
48736
48649
48638
48637
48636
48633
48604
48553
48547
48538
48530
48523
48498
48485
48474
48470
48469
48453
48446
48442
48439
48396
48383
48374
48374
48356
48351
48340
48339
48330
48328
48321
48307
48297
48288
48282
48265
48255
48252
48251
48250
48229
48209
48208
48200
48192
48173
48172
48163
48157
48155
48137
48132
48130
48092
48072
48067
48066
48065
48054
48047
48028
48027
48027
48025
48022
48020
48014
47992
47979
47958
47958
47945
47923
47918
47903
47883
47878
47864
47861
47858
47855
47841
47832
47830
47827
47795
47790
47777
47773
47766
47765
47763
47752
47744
47738
47737
47734
47729
47722
47721
47715
47702
47695
47685
47684
47675
47663
47655
47655
47595
47562
47544
47543
47540
47523
47511
47508
47493
47477
47477
47472
47470
47464
47443
47424
47414
47413
47406
47396
47390
47372
47369
47351
47342
47338
47319
47315
47307
47306
47303
47272
47257
47247
47236
47236
47233
47224
47213
47209
47207
47206
47198
47164
47156
47139
47137
47131
47119
47111
47111
47098
47096
47068
47033
47032
47032
47030
47006
47006
47001
47001
46999
46999
46988
46987
46985
46972
46971
46968
46967
46964
46954
46950
46942
46940
46937
46908
46892
46872
46864
46863
46861
46841
46837
46816
46795
46791
46789
46781
46777
46771
46771
46765
46763
46758
46750
46741
46732
46720
46713
46709
46698
46696
46686
46684
46665
46635
46629
46612
46606
46593
46586
46585
46570
46538
46526
46520
46497
46496
46493
46462
46461
46453
46437
46406
46402
46391
46391
46390
46385
46380
46371
46368
46358
46355
46345
46343
46327
46316
46314
46284
46279
46274
46269
46266
46257
46249
46240
46235
46230
46203
46203
46202
46189
46174
46167
46160
46159
46116
46096
46092
46086
46075
46069
46068
46047
46042
46032
46032
46023
46021
46015
46009
45995
45991
45990
45986
45984
45979
45959
45953
45949
45945
45940
45916
45914
45914
45908
45900
45897
45892
45889
45885
45879
45876
45876
45875
45871
45855
45854
45824
45821
45813
45805
45804
45795
45784
45771
45756
45753
45752
45741
45708
45705
45685
45683
45680
45674
45674
45662
45654
45654
45654
45646
45634
45631
45623
45615
45613
45610
45609
45585
45580
45572
45544
45542
45541
45539
45538
45527
45502
45490
45480
45474
45464
45454
45448
45436
45435
45421
45395
45390
45385
45384
45363
45322
45316
45315
45299
45280
45273
45267
45252
45250
45240
45237
45232
45200
45199
45164
45160
45154
45151
45142
45130
45126
45101
45086
45083
45078
45073
45071
45038
45022
45021
45020
44986
44982
44952
44949
44949
44948
44943
44942
44941
44941
44931
44926
44925
44925
44916
44906
44904
44902
44896
44886
44858
44857
44834
44833
44804
44790
44788
44782
44758
44750
44725
44724
44724
44690
44685
44682
44678
44671
44670
44622
44621
44618
44614
44608
44608
44605
44594
44588
44586
44580
44555
44539
44538
44527
44521
44516
44515
44504
44501
44489
44460
44416
44368
44367
44334
44333
44332
44331
44322
44314
44314
44295
44276
44261
44257
44236
44230
44211
44210
44194
44192
44180
44179
44166
44160
44149
44147
44135
44134
44109
44095
44081
44060
44040
44032
44031
44027
44027
44018
44007
44006
44001
43991
43960
43932
43927
43900
43892
43891
43880
43862
43856
43853
43849
43825
43820
43814
43813
43805
43803
43802
43797
43757
43752
43744
43738
43735
43724
43717
43706
43698
43697
43696
43691
43685
43677
43672
43672
43661
43648
43644
43626
43595
43585
43581
43579
43573
43545
43520
43504
43502
43502
43495
43484
43477
43476
43476
43438
43432
43424
43393
43391
43364
43355
43350
43348
43346
43343
43342
43342
43336
43325
43316
43299
43277
43270
43266
43260
43259
43259
43258
43192
43185
43178
43160
43157
43154
43129
43128
43126
43124
43111
43104
43086
43066
43055
43037
43033
43031
43014
43010
43007
43000
42996
42996
42985
42983
42971
42960
42938
42925
42923
42921
42902
42898
42873
42867
42866
42857
42853
42852
42816
42800
42791
42767
42757
42756
42745
42744
42738
42735
42729
42718
42718
42704
42695
42670
42663
42661
42650
42644
42637
42635
42625
42589
42585
42582
42580
42576
42559
42556
42547
42533
42518
42512
42486
42466
42459
42447
42432
42412
42407
42406
42403
42396
42377
42375
42364
42351
42330
42325
42314
42303
42293
42289
42276
42223
42223
42219
42210
42185
42184
42178
42176
42170
42168
42157
42152
42138
42111
42103
42065
42065
42053
42031
42020
41981
41977
41972
41969
41964
41960
41947
41945
41940
41932
41929
41927
41918
41886
41886
41833
41818
41815
41805
41803
41777
41773
41772
41768
41765
41761
41761
41761
41755
41733
41722
41719
41711
41704
41690
41689
41684
41673
41670
41666
41660
41638
41609
41608
41607
41600
41600
41581
41576
41563
41553
41550
41528
41524
41522
41513
41479
41447
41422
41420
41413
41407
41406
41385
41382
41375
41365
41357
41352
41339
41331
41317
41316
41290
41280
41279
41254
41248
41243
41234
41234
41232
41212
41150
41143
41131
41121
41120
41119
41109
41101
41098
41094
41093
41091
41084
41052
41043
41023
41009
41005
40977
40971
40967
40952
40948
40929
40920
40920
40894
40881
40837
40833
40806
40800
40793
40791
40781
40747
40707
40706
40676
40674
40659
40657
40642
40641
40641
40631
40631
40630
40625
40623
40613
40600
40580
40577
40577
40528
40512
40507
40481
40456
40391
40390
40389
40388
40381
40368
40364
40356
40336
40330
40325
40317
40297
40291
40285
40282
40272
40237
40230
40227
40218
40208
40203
40190
40190
40182
40179
40178
40172
40168
40157
40139
40127
40125
40124
40124
40111
40102
40094
40073
40067
40055
40043
40042
40037
40035
40029
40014
39986
39970
39966
39965
39960
39924
39919
39871
39860
39850
39843
39843
39822
39814
39810
39808
39791
39791
39774
39773
39760
39756
39756
39752
39742
39741
39727
39724
39716
39713
39682
39680
39667
39637
39614
39606
39597
39594
39593
39590
39577
39568
39557
39553
39548
39531
39507
39500
39491
39471
39470
39459
39458
39455
39441
39440
39440
39424
39411
39406
39394
39389
39382
39308
39302
39294
39264
39261
39248
39238
39238
39234
39226
39224
39196
39189
39143
39111
39111
39091
39081
39080
39058
39057
39045
39036
39034
39033
39018
39012
38996
38974
38953
38941
38941
38934
38933
38930
38923
38919
38915
38905
38895
38894
38887
38884
38881
38877
38874
38874
38871
38871
38855
38854
38847
38845
38843
38828
38821
38821
38798
38790
38784
38777
38775
38771
38766
38764
38747
38728
38707
38706
38697
38657
38620
38602
38601
38593
38576
38550
38550
38517
38506
38499
38489
38485
38475
38470
38463
38461
38460
38457
38455
38442
38431
38428
38425
38423
38407
38399
38379
38369
38357
38354
38351
38319
38319
38313
38282
38282
38282
38280
38275
38269
38252
38241
38211
38205
38204
38198
38194
38186
38185
38167
38158
38109
38105
38100
38083
38082
38076
38074
38070
38040
38033
38025
38021
38020
38007
37996
37990
37988
37980
37972
37969
37944
37936
37935
37932
37925
37915
37899
37895
37886
37862
37836
37823
37811
37794
37792
37787
37774
37769
37751
37736
37724
37718
37708
37673
37660
37659
37639
37636
37634
37625
37621
37605
37604
37591
37570
37542
37531
37530
37527
37527
37512
37506
37505
37496
37496
37478
37474
37445
37442
37442
37431
37423
37417
37406
37390
37388
37371
37369
37368
37347
37342
37341
37328
37307
37296
37284
37279
37270
37266
37238
37231
37216
37203
37194
37150
37122
37116
37115
37110
37109
37098
37087
37086
37067
37059
37029
37026
37013
37010
37006
37002
36998
36984
36976
36953
36950
36945
36918
36908
36903
36902
36890
36882
36879
36865
36823
36810
36794
36785
36780
36777
36776
36751
36746
36738
36737
36703
36688
36671
36666
36658
36638
36617
36591
36580
36576
36570
36555
36541
36526
36487
36483
36421
36416
36406
36405
36403
36402
36390
36359
36338
36322
36320
36288
36286
36249
36221
36219
36187
36183
36176
36158
36141
36135
36112
36091
36087
36067
36066
36052
36040
36018
36016
35997
35996
35994
35987
35952
35950
35946
35941
35936
35927
35901
35859
35856
35847
35844
35843
35839
35833
35825
35823
35823
35820
35814
35813
35812
35810
35796
35787
35777
35762
35760
35741
35715
35704
35675
35669
35637
35609
35608
35600
35588
35586
35583
35561
35549
35538
35537
35536
35529
35527
35516
35501
35500
35486
35472
35465
35457
35452
35448
35435
35433
35429
35429
35427
35377
35343
35343
35324
35311
35304
35300
35290
35284
35281
35272
35255
35237
35191
35186
35177
35170
35161
35148
35125
35124
35102
35086
35086
35085
35082
35082
35060
35047
35025
35023
35020
35017
35009
35008
35001
35000
34995
34993
34988
34970
34953
34940
34938
34925
34917
34905
34905
34870
34823
34821
34817
34814
34808
34797
34786
34784
34778
34777
34773
34767
34764
34748
34747
34744
34743
34741
34736
34730
34726
34710
34704
34701
34690
34672
34671
34665
34652
34651
34631
34630
34630
34619
34607
34607
34603
34592
34588
34585
34582
34538
34534
34502
34499
34493
34476
34470
34466
34460
34445
34444
34433
34420
34419
34382
34378
34363
34350
34344
34338
34337
34328
34314
34313
34312
34286
34215
34208
34208
34198
34189
34178
34139
34132
34124
34097
34085
34084
34080
34067
34060
34055
34053
34028
34026
34025
34001
34000
33994
33994
33985
33985
33968
33965
33943
33928
33921
33910
33907
33896
33862
33860
33822
33821
33808
33781
33780
33778
33778
33776
33762
33755
33749
33749
33731
33722
33717
33705
33701
33701
33685
33681
33680
33677
33677
33644
33632
33623
33621
33616
33610
33609
33600
33597
33596
33575
33553
33537
33532
33530
33518
33508
33506
33504
33486
33485
33482
33471
33468
33453
33451
33451
33395
33395
33389
33371
33345
33341
33335
33327
33326
33316
33306
33305
33302
33280
33252
33247
33245
33233
33222
33196
33190
33181
33166
33157
33132
33126
33126
33125
33119
33111
33086
33085
33083
33083
33053
33049
33024
33011
32973
32939
32939
32933
32932
32924
32904
32898
32895
32879
32876
32853
32814
32796
32790
32787
32764
32753
32746
32729
32723
32719
32718
32712
32704
32682
32657
32647
32645
32638
32616
32610
32594
32579
32549
32549
32525
32524
32520
32494
32485
32481
32475
32471
32471
32468
32457
32437
32397
32380
32380
32368
32348
32326
32320
32306
32298
32285
32264
32259
32233
32225
32216
32211
32203
32202
32193
32175
32158
32157
32154
32153
32153
32143
32117
32117
32116
32112
32099
32085
32061
32059
32059
32048
32048
32027
32018
32007
32005
31993
31983
31974
31961
31922
31913
31913
31911
31896
31883
31873
31868
31853
31846
31823
31806
31804
31790
31780
31746
31736
31735
31728
31721
31719
31717
31701
31701
31683
31677
31675
31669
31667
31646
31641
31600
31592
31574
31574
31563
31562
31561
31553
31526
31519
31510
31497
31477
31451
31441
31435
31408
31403
31400
31365
31357
31350
31340
31336
31335
31331
31312
31266
31261
31257
31255
31254
31234
31216
31206
31200
31196
31190
31183
31180
31165
31155
31153
31143
31142
31129
31121
31114
31110
31109
31090
31083
31074
31070
30992
30986
30982
30973
30971
30965
30959
30958
30955
30939
30935
30930
30916
30908
30903
30895
30894
30867
30862
30857
30845
30813
30809
30793
30786
30773
30757
30745
30735
30731
30724
30712
30692
30682
30680
30680
30645
30643
30638
30632
30632
30613
30604
30603
30601
30600
30590
30564
30541
30526
30508
30506
30500
30492
30486
30474
30459
30457
30441
30440
30435
30430
30421
30414
30414
30409
30406
30398
30378
30373
30371
30346
30342
30331
30313
30296
30290
30273
30271
30244
30236
30223
30220
30213
30205
30140
30132
30129
30124
30123
30111
30078
30078
30054
30050
30050
30020
30012
30008
29984
29970
29962
29923
29922
29919
29916
29895
29893
29890
29864
29858
29857
29848
29844
29836
29833
29820
29817
29813
29804
29790
29789
29779
29760
29759
29749
29714
29686
29681
29679
29677
29671
29647
29647
29632
29631
29631
29624
29612
29597
29588
29572
29563
29544
29536
29534
29531
29528
29510
29505
29489
29487
29461
29450
29438
29434
29434
29433
29431
29420
29419
29391
29379
29367
29362
29361
29349
29317
29310
29304
29301
29300
29279
29260
29258
29251
29250
29241
29237
29227
29207
29204
29188
29183
29173
29172
29138
29122
29115
29083
29061
29051
29028
29006
28994
28993
28962
28961
28960
28946
28943
28942
28930
28912
28895
28894
28893
28892
28860
28859
28825
28810
28781
28780
28776
28761
28758
28757
28753
28747
28746
28732
28726
28712
28698
28690
28686
28683
28673
28630
28603
28575
28574
28564
28560
28550
28507
28499
28475
28466
28461
28457
28457
28455
28448
28397
28349
28341
28338
28328
28326
28323
28313
28300
28291
28290
28287
28272
28271
28234
28211
28204
28191
28187
28183
28177
28177
28174
28172
28164
28158
28143
28129
28109
28106
28094
28092
28088
28082
28077
28066
28048
28046
28008
28003
28001
28000
27997
27991
27990
27977
27973
27962
27950
27946
27935
27932
27916
27915
27907
27902
27873
27841
27814
27812
27808
27808
27783
27771
27760
27750
27746
27741
27730
27711
27698
27697
27694
27691
27683
27668
27665
27664
27654
27652
27636
27612
27609
27605
27588
27580
27578
27575
27563
27551
27544
27526
27525
27487
27477
27470
27457
27457
27446
27440
27434
27427
27420
27416
27416
27311
27307
27305
27300
27298
27294
27273
27258
27247
27245
27240
27234
27203
27196
27192
27187
27179
27171
27170
27154
27145
27138
27134
27134
27123
27116
27110
27095
27091
27083
27078
27074
27022
27015
27010
27008
27002
26996
26971
26953
26939
26926
26925
26906
26884
26871
26833
26814
26804
26801
26787
26771
26759
26759
26752
26748
26747
26743
26740
26706
26703
26700
26692
26687
26681
26681
26673
26669
26652
26634
26630
26625
26623
26621
26607
26594
26572
26568
26561
26558
26543
26520
26515
26493
26489
26455
26420
26417
26398
26381
26365
26361
26353
26343
26339
26319
26312
26296
26293
26279
26265
26249
26242
26241
26230
26229
26227
26223
26218
26192
26181
26178
26144
26125
26107
26096
26094
26094
26093
26093
26093
26087
26079
26070
26064
26061
26035
26026
25986
25984
25956
25938
25930
25912
25910
25895
25894
25861
25848
25835
25821
25798
25778
25776
25768
25765
25762
25760
25752
25731
25729
25708
25702
25697
25691
25690
25682
25682
25675
25674
25667
25656
25655
25654
25649
25635
25633
25633
25632
25627
25598
25596
25593
25591
25585
25573
25565
25565
25538
25533
25532
25530
25523
25520
25518
25505
25498
25480
25454
25454
25452
25418
25409
25401
25397
25392
25390
25362
25351
25306
25304
25300
25287
25280
25268
25268
25263
25222
25217
25165
25157
25154
25139
25118
25110
25105
25101
25100
25097
25080
25079
25077
25075
25069
25062
25055
25051
25043
25014
25010
25000
24993
24986
24985
24980
24978
24968
24941
24931
24928
24913
24912
24908
24903
24890
24881
24860
24850
24849
24849
24839
24810
24788
24782
24768
24755
24743
24714
24708
24674
24673
24657
24652
24648
24619
24616
24600
24599
24587
24577
24577
24576
24558
24554
24540
24533
24528
24519
24513
24497
24473
24472
24464
24452
24444
24417
24412
24383
24381
24375
24370
24358
24350
24338
24319
24306
24306
24298
24284
24283
24281
24277
24276
24262
24246
24221
24220
24212
24212
24188
24175
24174
24166
24155
24146
24143
24120
24108
24106
24102
24087
24076
24059
24051
24048
24039
24031
24012
24005
23995
23989
23968
23962
23951
23941
23937
23935
23931
23889
23885
23885
23883
23874
23865
23857
23851
23847
23847
23828
23827
23811
23804
23801
23793
23788
23756
23728
23726
23721
23714
23704
23698
23663
23654
23632
23628
23627
23625
23623
23620
23619
23616
23611
23607
23585
23570
23560
23546
23543
23536
23490
23489
23462
23461
23419
23400
23397
23374
23370
23365
23346
23344
23338
23320
23319
23317
23314
23312
23285
23268
23262
23252
23244
23228
23223
23208
23206
23187
23178
23169
23145
23138
23125
23120
23116
23100
23089
23060
23051
23050
23049
23048
23036
23036
23026
23025
23021
23015
22991
22975
22973
22964
22955
22951
22943
22938
22906
22900
22886
22881
22865
22849
22834
22813
22803
22800
22788
22785
22784
22778
22757
22755
22749
22724
22723
22707
22682
22675
22651
22650
22644
22643
22638
22635
22633
22632
22624
22615
22609
22584
22577
22569
22568
22562
22561
22526
22523
22523
22509
22496
22496
22480
22480
22477
22472
22470
22453
22445
22412
22395
22375
22375
22368
22365
22362
22356
22333
22332
22332
22329
22327
22316
22297
22296
22288
22260
22259
22233
22200
22200
22187
22180
22170
22155
22142
22140
22137
22135
22134
22128
22124
22118
22109
22106
22103
22101
22082
22067
22064
22053
22052
22049
22046
21998
21971
21960
21944
21944
21928
21919
21915
21914
21904
21898
21894
21875
21870
21839
21835
21829
21827
21826
21791
21776
21775
21770
21755
21728
21704
21698
21696
21690
21686
21675
21628
21610
21590
21581
21579
21571
21556
21542
21530
21526
21525
21517
21512
21498
21497
21476
21472
21469
21464
21463
21448
21445
21435
21421
21418
21417
21403
21398
21378
21363
21345
21307
21299
21295
21292
21260
21255
21248
21241
21225
21217
21190
21186
21152
21147
21127
21122
21107
21098
21071
21070
21066
21065
21063
21063
21050
21013
21012
21001
20995
20994
20985
20962
20960
20951
20911
20909
20902
20893
20891
20883
20876
20873
20864
20860
20857
20843
20832
20823
20822
20821
20789
20783
20746
20736
20731
20728
20701
20693
20678
20677
20664
20635
20619
20617
20609
20599
20585
20548
20536
20526
20507
20505
20494
20481
20459
20443
20438
20410
20392
20388
20385
20378
20366
20324
20316
20313
20294
20279
20275
20267
20253
20244
20232
20210
20200
20181
20173
20142
20119
20115
20112
20110
20098
20091
20083
20081
20070
20069
20069
20067
20067
20048
20043
20040
20034
20031
20030
20020
19993
19979
19946
19946
19933
19908
19903
19894
19892
19879
19858
19851
19851
19845
19815
19809
19801
19788
19751
19749
19747
19735
19731
19730
19729
19710
19678
19619
19617
19609
19609
19607
19591
19585
19560
19550
19526
19512
19510
19510
19481
19480
19480
19461
19454
19449
19440
19433
19433
19433
19424
19423
19415
19408
19400
19397
19390
19390
19379
19375
19364
19357
19354
19303
19302
19283
19263
19262
19259
19208
19195
19189
19187
19167
19166
19165
19165
19163
19151
19149
19141
19137
19135
19130
19129
19127
19125
19124
19121
19110
19103
19095
19084
19065
19060
19046
19029
19015
19012
19007
19007
18998
18996
18994
18993
18990
18986
18985
18983
18981
18981
18979
18978
18968
18964
18949
18932
18924
18919
18916
18896
18894
18890
18878
18873
18849
18838
18829
18824
18816
18803
18786
18778
18773
18756
18752
18732
18718
18701
18699
18696
18693
18689
18688
18683
18676
18646
18632
18617
18596
18593
18589
18560
18552
18533
18528
18520
18510
18505
18501
18499
18496
18495
18478
18477
18470
18468
18459
18455
18443
18422
18409
18398
18352
18303
18297
18295
18292
18265
18262
18262
18261
18252
18245
18244
18236
18228
18195
18195
18187
18186
18184
18171
18170
18150
18141
18139
18127
18118
18113
18113
18094
18083
18077
18073
18062
18060
18050
18022
18006
17993
17993
17990
17985
17983
17976
17975
17965
17963
17951
17941
17914
17906
17905
17898
17878
17873
17871
17867
17864
17859
17854
17850
17849
17833
17827
17826
17799
17798
17768
17765
17746
17732
17718
17708
17683
17675
17672
17668
17664
17658
17646
17642
17640
17635
17628
17621
17603
17580
17571
17556
17541
17530
17509
17509
17498
17497
17471
17462
17460
17443
17439
17421
17418
17380
17368
17359
17322
17298
17294
17289
17285
17261
17259
17255
17254
17251
17230
17209
17199
17186
17161
17156
17142
17130
17123
17123
17114
17112
17108
17105
17100
17080
17065
17052
17044
17042
17037
17035
17028
17024
17023
17017
17001
16995
16992
16989
16982
16978
16974
16962
16959
16952
16922
16900
16894
16869
16866
16857
16843
16842
16841
16834
16829
16825
16822
16821
16818
16790
16787
16787
16772
16751
16750
16749
16747
16727
16723
16721
16714
16711
16690
16662
16652
16644
16641
16628
16626
16589
16581
16569
16549
16540
16535
16528
16516
16514
16494
16491
16473
16429
16423
16403
16401
16393
16386
16375
16374
16359
16351
16345
16344
16341
16334
16326
16326
16323
16319
16313
16308
16306
16306
16297
16292
16291
16264
16258
16243
16233
16223
16218
16205
16202
16202
16198
16196
16189
16182
16180
16167
16162
16154
16141
16128
16112
16107
16097
16079
16026
16020
16012
16010
16005
15997
15992
15992
15990
15988
15985
15941
15940
15939
15922
15921
15920
15912
15891
15890
15890
15887
15876
15874
15858
15856
15851
15849
15830
15799
15758
15752
15747
15738
15730
15729
15723
15720
15707
15702
15702
15693
15688
15685
15663
15663
15656
15634
15620
15609
15609
15602
15559
15520
15507
15506
15474
15441
15440
15428
15418
15415
15410
15404
15404
15403
15400
15399
15397
15395
15386
15378
15369
15365
15353
15353
15351
15348
15338
15326
15325
15311
15305
15285
15279
15276
15265
15264
15257
15252
15236
15235
15235
15224
15208
15202
15198
15174
15174
15150
15148
15148
15115
15101
15089
15069
15064
15056
15040
15034
15029
15028
15021
15015
15008
15001
14994
14993
14978
14976
14972
14962
14956
14947
14942
14931
14929
14927
14925
14924
14923
14922
14909
14905
14903
14903
14896
14888
14885
14884
14883
14872
14860
14858
14858
14850
14839
14837
14836
14835
14834
14832
14819
14814
14746
14746
14742
14740
14737
14734
14732
14728
14727
14719
14715
14714
14707
14706
14703
14647
14633
14604
14598
14589
14563
14560
14558
14553
14546
14543
14538
14535
14535
14518
14505
14497
14486
14479
14473
14470
14466
14453
14440
14434
14428
14422
14413
14407
14400
14392
14390
14386
14385
14383
14377
14375
14370
14368
14364
14337
14332
14322
14319
14314
14311
14295
14283
14274
14272
14246
14240
14239
14237
14225
14188
14187
14184
14170
14154
14153
14153
14146
14137
14137
14125
14109
14106
14102
14101
14091
14065
14056
14045
14038
14034
14030
14021
13977
13972
13965
13951
13933
13927
13925
13898
13898
13891
13882
13877
13872
13860
13859
13851
13841
13838
13812
13787
13776
13775
13773
13763
13738
13732
13729
13708
13704
13695
13686
13683
13638
13634
13619
13618
13616
13606
13605
13591
13590
13590
13558
13551
13537
13535
13532
13521
13494
13489
13482
13479
13478
13475
13451
13435
13435
13431
13427
13424
13410
13396
13395
13390
13376
13371
13370
13369
13366
13346
13338
13327
13320
13314
13312
13301
13275
13272
13257
13239
13234
13212
13185
13182
13174
13165
13154
13154
13147
13125
13125
13124
13120
13107
13106
13102
13092
13079
13058
13049
13048
13045
13026
13018
12999
12988
12986
12975
12960
12929
12896
12894
12889
12878
12876
12868
12856
12856
12845
12842
12836
12811
12804
12800
12796
12777
12768
12768
12763
12762
12733
12726
12723
12714
12706
12696
12679
12669
12653
12653
12648
12627
12627
12625
12610
12602
12600
12585
12585
12578
12569
12567
12555
12530
12529
12527
12522
12521
12511
12505
12490
12463
12459
12453
12440
12422
12416
12362
12361
12361
12360
12348
12345
12336
12331
12326
12326
12324
12319
12317
12308
12304
12291
12283
12251
12237
12224
12223
12222
12200
12169
12150
12145
12144
12144
12143
12141
12137
12135
12135
12127
12125
12119
12043
12034
12029
12006
11995
11976
11959
11958
11955
11947
11928
11920
11918
11908
11905
11902
11875
11873
11865
11863
11860
11851
11840
11839
11839
11791
11788
11767
11766
11733
11714
11699
11697
11681
11678
11677
11663
11653
11645
11644
11643
11639
11604
11592
11588
11578
11537
11535
11527
11523
11523
11511
11511
11510
11473
11467
11467
11462
11450
11412
11409
11386
11383
11377
11363
11353
11350
11342
11324
11314
11305
11301
11273
11273
11261
11238
11238
11212
11208
11202
11201
11197
11166
11162
11115
11105
11077
11068
11057
11043
11037
11028
11025
11024
11023
11020
11006
11005
11005
10998
10998
10990
10980
10965
10948
10935
10926
10924
10921
10908
10907
10901
10898
10876
10864
10860
10845
10844
10838
10832
10793
10791
10788
10786
10767
10762
10759
10743
10720
10707
10704
10703
10699
10698
10684
10680
10660
10630
10620
10608
10597
10581
10576
10555
10519
10514
10502
10499
10495
10488
10477
10467
10462
10461
10443
10436
10430
10427
10422
10384
10370
10370
10352
10338
10337
10333
10328
10325
10324
10308
10261
10256
10250
10239
10238
10237
10198
10197
10194
10179
10176
10159
10155
10154
10148
10141
10131
10119
10111
10100
10099
10087
10075
10064
10056
10055
10044
10041
10040
10034
10024
10010
9991
9988
9980
9958
9950
9941
9936
9925
9896
9894
9886
9860
9857
9825
9824
9801
9785
9770
9767
9753
9732
9706
9701
9692
9678
9677
9665
9635
9632
9619
9618
9609
9602
9601
9600
9591
9570
9563
9562
9541
9536
9525
9521
9518
9489
9485
9480
9479
9474
9471
9458
9457
9445
9434
9429
9428
9411
9408
9392
9390
9388
9388
9374
9371
9359
9357
9356
9356
9355
9354
9350
9342
9330
9312
9307
9287
9269
9262
9249
9244
9240
9238
9235
9229
9209
9195
9189
9184
9178
9172
9162
9158
9158
9152
9146
9130
9123
9123
9115
9068
9063
9039
9037
9014
9003
8978
8934
8934
8929
8913
8905
8903
8899
8875
8871
8834
8801
8793
8792
8791
8787
8781
8773
8767
8730
8691
8675
8657
8644
8642
8622
8587
8581
8557
8546
8540
8526
8505
8497
8490
8476
8471
8466
8465
8463
8434
8432
8414
8410
8400
8393
8377
8370
8359
8354
8333
8333
8330
8323
8320
8309
8268
8265
8263
8263
8256
8250
8247
8243
8242
8242
8238
8216
8202
8201
8172
8167
8162
8155
8136
8135
8126
8111
8103
8100
8097
8075
8067
8024
8019
8007
8007
8003
8000
7995
7982
7969
7955
7948
7920
7908
7892
7888
7883
7880
7877
7858
7851
7834
7832
7786
7776
7759
7747
7719
7717
7710
7701
7697
7690
7679
7677
7666
7664
7649
7632
7622
7611
7579
7571
7568
7566
7544
7538
7514
7507
7496
7474
7472
7466
7459
7459
7443
7418
7417
7413
7403
7396
7395
7387
7381
7379
7362
7332
7319
7298
7292
7288
7288
7275
7266
7261
7261
7259
7255
7245
7244
7241
7227
7225
7221
7219
7210
7206
7205
7178
7175
7174
7174
7159
7152
7149
7147
7146
7145
7137
7125
7120
7118
7118
7110
7090
7088
7084
7074
7072
7067
7064
7035
7035
7008
6982
6966
6966
6962
6920
6914
6885
6884
6880
6880
6855
6847
6841
6819
6811
6810
6805
6794
6789
6783
6773
6762
6758
6721
6710
6685
6676
6671
6664
6660
6631
6631
6628
6617
6593
6592
6591
6580
6577
6553
6549
6548
6540
6539
6524
6520
6511
6510
6500
6497
6488
6485
6475
6465
6456
6455
6445
6420
6416
6394
6392
6383
6369
6358
6340
6338
6337
6337
6297
6273
6270
6266
6261
6260
6260
6249
6246
6226
6224
6215
6199
6196
6149
6149
6127
6121
6118
6094
6082
6074
6047
6044
6040
6036
6023
6009
5983
5976
5974
5974
5964
5952
5942
5941
5941
5897
5893
5879
5878
5872
5871
5856
5855
5851
5834
5793
5790
5768
5754
5739
5732
5728
5725
5725
5705
5701
5688
5680
5675
5669
5660
5656
5656
5650
5647
5644
5640
5634
5613
5605
5597
5595
5580
5567
5562
5561
5546
5534
5529
5527
5502
5499
5482
5466
5464
5461
5439
5436
5407
5398
5386
5382
5375
5371
5342
5326
5324
5323
5323
5322
5321
5304
5302
5298
5280
5274
5260
5236
5234
5225
5216
5211
5189
5187
5150
5142
5138
5132
5102
5092
5070
5059
5048
5048
5017
5005
5003
4982
4977
4949
4937
4919
4907
4905
4905
4879
4862
4842
4840
4840
4822
4814
4813
4811
4802
4794
4784
4784
4783
4773
4773
4765
4763
4759
4756
4719
4696
4693
4682
4681
4650
4643
4643
4640
4626
4622
4600
4575
4568
4554
4553
4548
4539
4534
4529
4516
4515
4505
4495
4486
4483
4462
4461
4448
4436
4435
4431
4426
4408
4406
4399
4372
4366
4355
4345
4342
4328
4326
4324
4320
4278
4269
4264
4249
4236
4222
4210
4202
4200
4200
4197
4191
4191
4185
4175
4145
4110
4107
4090
4084
4077
4071
4061
4038
4016
3993
3991
3986
3981
3975
3971
3955
3947
3942
3938
3896
3883
3882
3875
3870
3856
3847
3835
3831
3825
3814
3810
3802
3794
3792
3774
3744
3741
3737
3731
3715
3691
3664
3657
3656
3653
3645
3627
3623
3616
3610
3609
3592
3587
3575
3566
3562
3557
3552
3532
3516
3511
3504
3495
3484
3469
3433
3419
3418
3416
3412
3412
3412
3410
3397
3395
3362
3351
3328
3318
3291
3278
3274
3266
3257
3246
3245
3221
3212
3206
3206
3185
3173
3170
3168
3138
3120
3115
3113
3102
3095
3087
3080
3079
3074
3067
3065
3065
3044
3044
3040
3036
3019
3009
3000
2997
2997
2984
2959
2946
2945
2936
2935
2931
2931
2919
2919
2908
2895
2894
2893
2884
2878
2877
2875
2868
2842
2838
2833
2832
2819
2810
2804
2797
2794
2790
2784
2772
2771
2764
2750
2741
2722
2699
2694
2685
2676
2665
2641
2626
2621
2606
2606
2594
2585
2583
2583
2579
2571
2563
2558
2550
2537
2534
2523
2516
2505
2505
2492
2476
2466
2463
2452
2443
2427
2425
2412
2410
2409
2393
2391
2386
2383
2375
2375
2375
2372
2363
2344
2340
2340
2337
2309
2291
2273
2262
2242
2230
2208
2188
2186
2152
2147
2138
2137
2127
2123
2093
2089
2087
2083
2066
2056
2046
2045
2038
2008
2007
1981
1971
1967
1943
1939
1935
1934
1930
1913
1909
1907
1895
1879
1870
1867
1854
1840
1828
1810
1789
1788
1772
1769
1760
1743
1742
1706
1681
1673
1656
1629
1609
1605
1603
1582
1561
1546
1544
1516
1508
1491
1480
1475
1474
1470
1462
1460
1432
1408
1387
1384
1381
1347
1324
1320
1314
1314
1308
1282
1270
1260
1259
1253
1243
1186
1179
1177
1171
1168
1148
1147
1139
1138
1133
1124
1104
1094
1087
1078
1074
1061
1053
1046
1031
1016
1015
1008
991
990
975
970
968
961
927
919
897
879
874
856
855
853
842
835
832
810
806
802
785
775
764
748
741
741
740
739
731
725
721
699
692
690
681
681
677
673
671
669
669
667
659
656
655
630
625
622
614
577
572
560
560
556
556
547
543
515
512
508
506
476
473
461
459
445
444
444
427
426
420
418
412
392
382
364
360
358
357
353
346
346
345
339
322
314
288
236
232
209
207
204
202
197
156
156
152
145
144
129
127
110
97
70
70
70
67
54
49
39
24
19
6
