2964
268
9064
6082
712
856
7071
9162
1975
1433
7637
2386
500
8406
976
5618
4587
6310
2290
1043
3613
9943
7543
2284
6261
3027
8553
6058
6151
4190
5668
8509
6917
4073
3987
3975
4062
5301
782
9017
3577
4431
6443
5874
8222
3348
9155
8602
8536
3299
2069
2232
5087
7143
135
2565
6019
5537
7092
3392
9528
9966
610
9120
8237
458
5182
6883
4941
7235
2032
5714
9886
5549
5510
7260
901
5783
8762
4020
6279
3927
4791
2161
638
9558
9684
7343
3994
6259
5256
6610
2470
6871
4446
5675
3808
4051
2305
6290
1360
7716
6865
1344
9847
1757
2198
3631
7540
3979
8920
290
2657
3343
2173
9723
9546
2949
4759
2728
156
5942
1708
8029
6594
4353
5262
5904
1717
9370
935
9518
8122
6953
7972
4475
5796
742
2674
1852
391
5355
7654
4038
8918
5300
1232
1022
7332
708
3644
2664
756
5094
4232
3123
900
1470
9148
6785
4932
9118
793
4233
7131
4898
8117
5814
8853
4193
2796
8711
611
5273
8591
6741
755
1824
8647
4659
9857
8619
1648
8557
3141
7861
8215
2236
9338
6538
7098
1545
2175
2533
8560
7590
4321
7680
2864
7958
34
4769
8255
6269
106
5758
648
9647
7215
9259
8058
1850
7266
9967
3138
7889
8411
1159
2731
250
765
7808
2395
894
4555
56
5348
3436
7096
3124
4535
8195
7573
7984
5093
9829
7027
4695
8003
444
1939
3230
8780
3384
3256
4947
312
4252
9080
7449
3770
4977
4294
6402
2385
3558
3160
4988
6365
6665
4860
6144
3334
6972
6168
2045
992
1355
7103
9722
1443
8936
3875
8968
1155
8053
9180
914
9263
3503
2961
3799
7533
9351
9510
6228
1171
8254
7130
5501
3852
1263
1389
7663
4553
7238
1285
7581
459
1953
3857
230
4159
9689
4646
37
7604
7119
8732
2285
4125
9542
4537
3828
2747
2248
5373
5449
1593
9021
4779
6409
8171
9236
3312
9060
1116
9731
4914
6593
7465
6507
3278
6882
4924
3191
3992
4410
5040
981
3640
8347
7684
67
3367
3238
8024
6145
1428
6141
5100
4798
1983
3341
703
5980
7062
917
171
6330
7771
345
5017
9274
4925
788
3116
3318
5505
4428
1617
3937
4492
465
177
1540
2174
2795
3694
409
2528
911
4323
632
7057
9081
7301
9795
5309
9011
3833
2125
6288
9956
6735
7476
2666
8949
1068
2245
7753
7714
3901
6992
8194
9863
9389
8618
4458
5417
4802
7890
2347
3955
2960
2036
8723
2998
3219
2722
1835
8928
9853
4059
4848
9830
8177
2775
3735
6138
9367
448
1241
4547
1813
1580
255
8514
138
9711
3780
8657
4827
5209
2254
5358
9639
4340
4959
6374
5167
2278
9934
562
780
2975
1406
2858
323
1039
248
3082
6025
7087
209
1199
8336
24
6088
3912
8315
2181
9479
212
838
8836
7487
2523
384
509
4637
7787
4507
2693
9365
4891
6630
9792
9291
3425
7876
8260
1438
8814
4028
5119
960
4115
4684
7351
8748
8981
8702
5285
5357
9182
8669
1182
3776
4088
8590
8683
8939
5564
6159
8354
4219
8934
2801
8136
2899
8026
1719
3502
5455
6714
7216
884
2085
2586
3008
8091
4767
5372
2499
3923
5394
7803
8307
460
3269
4335
1270
1183
4474
812
9932
5889
8141
2538
159
7047
3911
4725
9267
9992
8087
1426
1049
5435
8888
534
5350
5946
4651
6608
5082
5641
875
8272
4377
3055
3290
4682
2668
7481
8737
7389
1703
6280
3761
9243
4126
1256
9530
6619
3733
3019
1054
3265
6592
929
2951
6489
3995
8542
9278
1366
2611
3453
6081
533
977
6128
7880
5045
5743
7602
5854
6229
7638
3417
2374
4906
9801
488
7539
5192
5166
6520
4135
7582
7703
4549
4564
2921
4686
3528
2107
8755
7477
2167
4197
7277
6328
2923
8078
9901
38
5610
1196
2669
9699
6010
4050
1115
7360
7865
6015
9718
8563
1031
1247
3863
1709
5981
3283
676
704
4266
336
8794
7053
3680
9955
9874
2837
2268
8621
8654
4061
6796
2418
9018
4333
4443
2498
8344
6125
6233
2260
6574
3013
8095
2832
8929
6806
1421
801
5341
6066
2217
425
4612
6747
6799
2733
2699
1991
5364
165
4704
5134
5961
8350
5222
3672
5071
5956
706
7242
3601
9870
9427
9303
1744
6283
6499
3036
1328
5582
5291
3815
7686
8019
9115
4259
7082
6099
1008
1484
4393
1790
3816
3310
9480
7491
8375
4579
2514
6163
6961
3357
6164
9594
4736
8689
9282
9184
9856
1337
9693
1841
9228
6892
5700
5590
8913
2226
5474
2862
3988
5686
3560
2233
2350
5139
5935
9703
7945
1391
6850
3308
8498
503
3715
5429
2109
7297
2357
489
473
4355
394
2219
3627
544
6916
6080
2207
7086
3084
61
7387
9578
5263
9669
4249
9619
1546
7191
1114
7234
3518
567
2939
7170
9907
5959
3347
4497
2619
7696
4279
568
3749
1618
7213
702
673
3131
5704
5020
1726
5438
4519
8322
6827
8186
8052
4170
719
1303
9899
2671
7344
1471
2251
5265
3112
763
855
3679
3222
2102
6730
659
63
3804
7076
5637
1611
6907
2103
9494
9380
4772
9724
6205
8937
2165
550
6078
5806
3079
3744
9930
887
3909
988
616
3076
9622
6207
1619
5205
4450
5320
5036
7043
1168
3523
7269
6064
3040
6859
6529
4496
6530
1079
58
6557
8456
3779
1394
2082
8572
5607
8005
3660
6724
8139
1430
7463
7426
7975
4027
1626
5575
6844
9451
7346
4009
5072
4634
955
7045
333
4878
9985
7258
8694
4117
5706
3661
5060
5863
6731
462
4091
2676
7245
3608
4389
7837
9421
9052
4674
7739
3722
7232
2211
6878
5354
4145
9573
2473
9646
2689
7084
4907
3307
2845
7485
4406
563
1659
5267
9430
4044
1398
1812
5484
1190
2503
8607
1119
4591
4935
7489
8285
5547
9301
6051
7821
4999
1091
4538
5676
2339
5726
3170
6173
2280
379
9567
4942
7649
6923
6485
5204
471
3070
9860
9597
6575
4488
910
6083
1499
8014
8377
4775
2866
2205
634
2376
145
3099
2672
5508
2692
6598
2696
2743
7174
906
3431
1000
2974
4316
5185
8342
249
2110
4723
7870
4583
5906
2505
3759
1252
3997
4005
9715
1118
2241
540
9514
3814
1887
3555
1184
9345
1931
2540
847
3584
7302
2627
1692
6124
1797
2902
3786
2629
7314
2093
8320
2936
294
2212
7556
2526
6438
5751
7544
3612
6546
4329
5397
6333
7211
4185
3741
1283
6934
2987
1319
7736
3984
784
1420
6816
8077
4286
9797
2447
1963
3751
4250
7871
2886
1874
4813
4890
4877
3755
2988
6007
8442
1527
6350
5173
9138
7355
548
7977
3871
4790
1884
7207
2382
1095
8634
6363
9119
7719
7168
4896
2029
1201
775
3439
6720
2094
8911
3030
144
711
6092
9059
3336
5540
3465
9791
4733
1877
4992
2053
773
7706
5412
4198
8827
6326
4176
7770
7325
6491
7908
1883
8020
2992
1596
6106
2441
1742
265
2115
1089
9800
3143
761
2919
7971
4770
8267
9401
3242
6129
7402
427
9670
7061
5031
803
9730
3978
3813
4178
9320
6500
59
5048
3566
3467
5539
602
5640
3841
9910
1522
68
6627
1050
5427
2789
1463
3567
1402
4424
7350
4927
5824
3199
6441
6414
7417
1610
2680
3060
1531
1074
4228
8263
4657
7685
709
5488
5909
8436
7
8803
6814
1994
9474
1233
3157
6628
2492
6765
3249
5905
5923
9143
6217
5259
9790
6364
559
9867
8687
493
6622
5421
9315
3399
8916
8727
8518
1605
8845
9422
2075
6071
5014
1395
3938
5746
9446
1869
3634
5491
6808
640
5579
1354
6550
893
3684
3782
8365
724
210
6102
552
2334
9309
5701
5924
4908
5033
991
2965
1519
7029
2642
8419
840
4755
5149
6845
4416
4950
5436
5922
8883
5594
9299
3516
5151
4017
8490
339
4939
973
6314
8828
881
3408
4048
5938
952
3232
7535
5733
8217
87
6931
2648
317
7025
3380
8251
2060
8881
3406
4965
8688
8147
9716
2706
1242
7198
380
8241
8045
2931
4818
1310
4630
854
1418
1599
8664
4077
1863
4447
8962
3028
3421
8114
2897
7913
5730
8455
3161
1549
8673
6682
175
3646
297
3032
7511
9681
5061
1984
5506
3902
6296
6442
1472
3432
1046
3056
1019
2199
3231
6659
1099
8152
8561
3991
777
5769
6252
1508
2238
9786
7482
9094
5225
7432
4343
7231
537
2763
5950
9719
9577
7950
6846
5672
9559
6516
547
477
9506
5467
3766
10000
9516
9254
279
8982
4074
1638
5975
4248
9492
6482
5446
8248
107
9399
5317
9888
4202
8146
5022
6753
127
7199
4826
2880
7079
820
6361
7825
8815
9846
4546
1633
6760
9848
7911
8935
4262
5177
985
9397
909
6027
8598
8129
3376
9114
3225
2821
4632
7220
2403
3940
8609
1891
7418
6515
9603
3410
9706
9827
1569
9843
3379
1705
3045
3500
9200
6895
2479
1541
74
8191
776
1278
1497
612
6686
7584
6264
5451
4360
928
291
842
93
852
8111
4332
8367
9935
3507
3433
2315
9386
1110
8969
4882
9257
7107
9887
8472
2665
1795
2307
4385
195
999
6391
8592
5749
2539
6586
8910
8758
7085
8321
3174
5611
3861
7795
7963
8811
7423
8790
870
1003
9663
895
3960
4683
5432
451
5522
7915
8391
8408
617
3703
4835
8049
7222
8636
4105
2300
6355
831
4836
4697
9968
7246
3888
7445
9322
6951
5271
1678
649
3095
9393
3017
4141
1320
3671
97
8903
9773
3128
8273
8397
8059
6404
7678
5027
3460
502
8712
4994
4482
7153
732
754
278
9058
3539
6216
8957
3089
9090
2432
6901
6903
9015
7490
2353
1515
3907
7193
1768
1342
6786
6669
7415
6162
7778
1490
5496
5075
5966
4462
7946
6655
5004
3107
1044
8663
7867
1373
5849
1112
3869
9775
9170
1755
9739
5960
3388
9098
556
2652
578
5646
8086
5431
5888
3550
4533
6153
5019
3409
5567
5565
8205
4180
8733
7572
4875
1219
5095
4238
5969
6137
6904
5475
9156
8382
5351
4649
3791
679
4956
7952
2264
9407
8318
1846
859
3737
3582
7425
6359
5524
7764
3205
3146
4993
1949
3175
9954
5404
2685
8351
9051
4164
916
5553
3926
1371
3522
2994
978
5748
3025
839
10
4989
7225
6649
7275
4438
4638
4451
3867
7747
4205
3597
8830
9810
1332
2746
5535
9687
2313
5687
2937
7527
2970
8551
3961
7921
7801
5353
4961
6322
5356
7305
9000
7906
7248
3044
2101
850
2146
7916
2525
9252
5478
6831
8140
2006
7892
6553
3156
3011
8492
814
8985
5988
7600
865
7204
7641
6853
4401
2640
5140
6186
4589
8245
6272
3908
2231
8110
3767
7182
3000
9137
6933
4464
2208
1419
8670
3155
5599
4883
4480
5283
7083
7900
6253
9423
6513
205
8753
2716
5744
8265
8508
1462
417
5180
200
5005
9560
2568
9340
8716
2623
1538
2612
3845
6607
13
4716
8231
7253
8172
2121
2985
7427
8380
3508
1560
232
4981
9070
6832
5868
2602
695
8963
3747
7125
1711
5616
3831
6340
6466
5122
3980
6756
7120
7896
284
5113
933
5163
9377
4667
4700
3658
9978
5639
2502
9549
6221
4253
6143
6587
303
3529
1193
3760
2341
7097
8096
5908
1585
6036
6525
494
3541
5702
8681
5972
3296
2019
8980
989
7901
8236
8627
2782
2600
9091
2718
5458
123
118
2626
5359
8662
2825
115
4592
1766
5346
381
9952
5752
2474
8765
8616
1220
6113
3986
6225
5548
6634
4326
5193
3681
9331
700
7171
9621
3411
9128
6150
9395
9778
4640
3215
8247
4022
1779
8479
832
8746
9234
3614
4969
2651
1937
6111
9613
6185
9383
15
5729
6936
9376
2604
3226
3463
6697
5235
9674
7989
6182
7370
4832
1954
7279
5382
7632
7159
2717
1721
9100
4743
3900
653
4328
4053
2190
7169
6245
8717
5206
2312
3267
4979
581
5498
89
2289
7597
1581
5563
5254
2844
8941
2186
5534
4041
8710
4432
7965
7497
8352
4104
1107
4937
1622
1014
3957
618
396
2905
1254
2263
306
1661
5280
7551
8909
4217
452
5802
2854
851
7503
8505
9183
5251
7996
3126
1457
8580
5780
5556
6039
3139
4539
6476
41
6248
8773
5199
8632
1060
9818
3976
2530
5294
1365
8069
5212
6651
8596
7458
3355
3445
1750
7040
8513
1807
2855
5713
3777
6149
670
7878
2841
7081
7285
7336
4468
9330
9358
2452
408
2755
1603
66
8112
1854
6452
2579
2784
8979
5623
3906
7014
4917
2548
2252
1317
2424
1832
9761
5884
1695
9771
5551
9729
3115
4206
5951
1052
6583
9988
1150
4196
8897
5724
7470
4108
6945
8534
798
9239
4263
9596
9420
8441
8210
6958
1143
1542
1335
5880
2464
1537
6868
4
9461
886
2511
3203
5390
2553
3063
330
3962
7679
8642
6517
2072
7284
4990
244
8044
2670
532
9441
5932
2277
6997
6166
8825
1788
4374
542
7217
5426
7323
7354
1723
7121
4282
1100
3669
9633
3
833
6462
6999
1776
5772
924
1535
9545
1745
49
4542
717
4348
9165
5319
8428
3999
2719
4996
5039
152
6390
4593
1680
1926
1336
5712
3369
226
4314
9575
4576
3009
5078
3918
6501
2366
2028
5037
4211
807
362
9554
9659
688
6702
2127
1338
766
2883
2216
6770
6894
1576
6135
9073
3228
3129
5099
1573
1588
2018
8729
9894
3294
5894
5586
8499
5217
9406
6983
6966
6624
1414
6653
6885
1427
5805
1251
8281
7255
4270
4265
8639
2660
6300
3387
3201
1364
7526
5473
91
6787
5424
1082
7340
6769
2534
8011
7558
7172
8027
5115
2398
9385
1895
3020
9009
2230
7298
549
5402
8485
4273
811
4167
7109
1299
2140
1946
9515
932
9913
4812
9201
1313
8299
3472
7822
7037
9813
6660
682
9495
8394
1144
3545
8516
1413
8371
7858
3327
450
4574
4354
9442
9839
7521
4823
5272
3996
8855
9865
4120
4342
7954
1088
6053
5810
8554
9112
3418
8617
1513
1399
9697
975
3981
8695
4642
8584
2287
7640
3798
5838
3262
5736
5767
1512
8426
7431
9197
8624
155
3873
9835
4215
8340
8264
499
3806
2630
4954
5823
1905
2563
9834
9099
7184
1132
7033
8440
8101
6807
1844
1465
8684
2879
1455
281
6664
5257
6445
3837
8806
2483
76
9588
7532
1892
5121
3442
7450
7165
2698
4868
3010
647
124
2074
4698
6626
2776
2783
9125
7863
4711
3586
3085
6929
1071
9526
3571
3617
443
8573
5757
9276
7054
6700
9671
496
768
651
5892
716
57
2221
2179
5434
2945
1833
577
785
8073
9879
6988
5657
3282
799
1281
5096
4554
678
2184
7104
3165
2869
2261
3623
4179
5680
9997
9333
9003
7080
9311
2872
168
4000
1951
1078
1250
8253
6527
6957
4991
9640
9525
395
8565
5328
3611
5138
1258
4257
3338
6265
4243
5502
1967
1731
4241
4058
8055
2086
2817
469
9154
2507
7236
3546
2457
9662
9806
9074
1002
5528
4172
7186
6087
5778
7925
4331
7221
6963
6621
8023
430
6136
5315
2220
1390
1227
7457
7196
1707
3273
9572
5848
2321
53
2337
2056
6696
6571
2745
4182
4787
1765
3632
6086
331
1339
758
3289
3382
8451
7256
8504
6497
8452
9586
9593
1480
2561
4503
2996
4771
1856
4014
1828
7046
3495
8149
3721
4525
826
8256
2340
2497
8104
2132
9203
636
3525
3359
9562
836
2274
5826
7516
6841
8100
5755
2105
100
8970
2647
6656
1145
6521
7653
6964
4602
5128
7404
3536
8144
1783
7968
3443
5284
1999
4626
1505
7448
2389
1873
6772
8478
722
3964
4734
2279
4731
8841
4096
9651
7478
5977
2134
337
6085
242
5241
4718
3705
2567
3659
5232
1294
4026
5171
1582
2135
1763
1921
3117
1352
6334
6554
4901
3983
1211
2950
9607
7819
7879
7671
9359
6224
5651
749
8218
1466
5387
7538
7382
5318
4614
4971
7243
8862
8646
5492
3642
1927
5414
326
483
1781
1383
4889
6034
1333
3385
4083
6494
289
6821
9224
4362
9012
4887
2967
8279
8661
8693
7943
9840
2387
5084
1912
5131
9996
2009
2436
846
1548
2458
9917
6249
9122
2962
9326
5944
6603
6993
8193
2215
4186
7895
4012
6006
3724
8816
4114
2160
3515
9022
4782
1767
2197
6394
3533
3946
8786
5798
3677
7636
4372
5763
2067
9053
137
8282
956
3125
1866
4681
1292
2400
1774
3858
2399
5191
8449
9033
2900
8974
1173
9266
9275
7247
4797
5789
1972
5133
7309
9414
3469
7026
7596
1601
8843
1237
9914
6584
3037
2343
2405
8474
6804
6243
6781
3935
3835
7772
2090
3332
8637
2778
9998
9986
3729
3335
5620
1586
5070
1974
5485
1158
9548
9039
4715
3007
5745
9391
6386
4532
8577
5342
4713
1592
690
329
4084
7058
5001
5050
8783
2051
6506
3576
7455
9953
1180
5410
9111
9824
6291
6492
1706
5523
9498
3077
7514
7969
411
257
6736
8824
7443
517
3185
1495
8972
7209
8999
7133
1417
9552
2912
2598
5588
9067
5632
3015
3268
769
6881
5999
5260
55
197
1162
2631
5000
1028
1348
3753
8525
485
1641
4600
1995
3375
2478
7854
2316
1001
7438
4874
8233
2569
3825
5731
9044
1890
9172
5976
1363
5026
468
1775
9486
9215
5562
208
2379
8885
691
666
9264
5114
3652
2440
2792
7441
1131
7372
4204
2427
2152
8948
4220
429
3448
2240
2870
4824
8105
7677
2471
8601
9635
5761
3970
9295
598
8287
7980
7201
4714
5614
2654
2871
6749
470
3412
3887
7090
9504
3898
4254
2575
1644
3517
7579
1735
8863
174
5930
2616
9713
9007
1023
5619
9381
6789
8437
506
5692
5817
8048
5102
5244
1784
1378
3585
6707
7035
4783
7765
2014
3894
9205
7852
9296
951
6345
5634
7286
6011
6256
7577
6387
5247
8276
8106
3889
4452
9233
980
2411
7985
9838
1682
8393
4435
2225
3144
3272
6968
8308
2806
9522
7013
5339
3526
1632
8597
5243
4679
8558
5660
126
6803
1598
8275
492
3101
4763
6794
3206
3690
4930
2126
5538
7613
5820
7522
6062
5168
7603
2995
2941
2843
1913
5559
8119
134
7763
1754
1715
7728
8735
1042
4806
4974
557
4629
9793
5144
751
5200
4274
6263
802
7552
1487
73
7390
8656
575
962
2242
9898
1124
8071
7610
8301
5226
8544
4831
8725
6566
8849
318
8079
1234
3172
3302
9831
4234
2847
3415
4275
7933
1612
4029
4006
5709
9150
5533
7291
2099
2394
2448
7555
7334
5010
8259
2214
9892
7789
1686
7657
3510
7731
3663
1087
8759
1594
5181
5787
8037
397
1127
3878
7932
5608
5696
2081
4975
9432
2721
2684
6654
4057
7881
7451
9117
8524
596
8489
2849
7829
2433
2956
9194
400
5056
3403
4230
4365
5361
7259
1058
7018
6061
363
2301
6376
5768
2088
7494
6526
7016
8952
9185
2077
6139
6490
5252
7848
8760
947
7065
5176
5105
7611
8298
5859
8726
6286
2491
9400
4680
7287
1816
9820
1025
1286
9608
7712
9305
6657
8155
4368
822
3771
40
6171
120
582
1566
8578
9766
3440
1615
9317
6927
4192
3220
4396
3874
9204
5077
3257
8614
6925
4821
3864
3068
240
5145
1685
5995
8160
4822
791
5063
1308
9513
5255
4958
7749
9086
4705
8438
6618
3824
7439
5747
4412
7888
2501
6959
5454
3339
1992
1759
9675
896
7206
3939
573
4060
247
8434
920
4310
3016
5552
4690
6385
5576
9037
7434
7528
5914
7230
2551
3072
7563
1910
8134
7005
8869
9369
8927
3615
196
1230
9946
5515
8620
6752
7073
9360
3648
6890
6055
4436
6539
9811
3271
5053
2328
4069
3881
8274
6268
7115
8334
7408
9487
9556
8696
9844
2947
5997
3106
4097
1393
6840
9410
3404
9799
7437
4753
3524
4595
8090
9103
1240
153
9717
6609
2414
104
6004
9029
3192
8190
6511
9702
8432
3398
1928
8435
8978
4290
1872
2144
6643
996
2349
2610
795
7723
1282
2449
9770
6118
7268
194
9794
8734
9568
5788
2798
1380
4608
2368
6698
9592
6305
8882
925
2882
8467
4678
7750
6708
4175
1226
5013
5162
6254
628
767
2329
6332
3618
1847
2578
4481
7793
7367
8156
8744
9191
6103
5558
3246
5916
3314
3253
1076
8234
6029
6843
7023
2016
1322
1224
7149
5803
4449
6235
8976
8306
4047
4945
7436
9533
8704
7145
3390
7498
1923
4676
1442
7635
7659
1212
2767
2966
1809
3998
3153
5229
6699
7715
9776
5754
8293
9759
2022
3476
4590
9167
7670
5577
6459
7964
7313
4148
9364
4982
8148
8376
45
2590
5831
1096
6147
8964
5456
8608
868
5379
4863
891
5310
9511
1381
714
2203
8522
5653
8378
5258
4581
8188
1246
6986
3164
9779
8622
1446
6680
4301
8866
4888
8562
4102
1361
3895
5428
8756
1311
2740
2813
9368
1867
2295
1925
8224
5250
3656
7818
7811
5762
7112
3414
1547
1865
3259
4142
1684
8643
3026
9743
4929
944
520
6380
6990
1741
3920
9581
2137
4728
2460
6532
6169
188
1901
6418
432
5940
2556
1136
62
8950
6573
8075
9664
9620
3279
8401
2932
117
8571
7525
1808
1157
3042
3772
6562
2681
9024
5425
3649
1793
7850
7757
5635
6266
5592
7639
5987
2794
2679
2178
1370
7208
5016
2532
461
7575
5240
8392
4552
2749
1862
7294
4209
4222
5578
2286
4931
4573
8846
1670
1369
5008
7380
3405
656
6829
1842
7710
9685
8782
9760
3958
4387
1533
5937
3337
1024
1034
6995
5386
8837
731
2762
4289
6744
9251
6952
7049
1656
1737
3090
6320
8022
202
2023
986
1135
7212
3198
2104
1878
5983
4516
8220
7375
8552
8332
6640
5002
823
7492
2235
9762
6704
3792
6940
5948
8343
9928
1253
9783
2304
5307
3301
7214
5627
7022
4666
338
6349
2596
6273
7648
7520
5615
6056
6003
482
415
9132
2607
1075
9543
6487
2929
2580
7595
8902
7727
9751
4785
4668
8159
5941
454
1536
2547
1105
7853
2308
3102
3993
7064
7357
7421
7694
5694
7775
6802
8771
8081
5574
3784
4563
2
7386
5439
8961
1106
9859
1966
9444
1142
3812
9540
8345
8358
6096
8763
5409
979
3732
4461
7038
2928
5211
530
5903
1879
2822
1186
7273
5893
7122
7542
4571
8173
8833
1038
9740
4830
260
6633
2550
3691
3922
2281
762
9925
3667
5791
2506
103
2057
922
7815
9712
2662
3899
7363
4081
7473
9419
1293
3292
4998
7347
5734
5979
4344
2968
1239
5500
3148
7725
2924
7656
2675
8021
3468
8705
860
375
3234
2914
2130
630
697
564
6382
9093
4366
2450
6834
4295
6641
8857
1861
12
342
8413
2946
9507
5203
6447
8341
4472
7151
6866
4325
2318
641
4292
5770
4305
7804
434
7189
621
8150
5287
7851
4471
3285
2401
1477
9707
7280
3699
7187
8176
5106
2213
3956
4218
2359
5621
5266
8809
558
1825
6672
2737
6352
6416
9066
6564
1445
4922
6768
9634
9550
6582
1137
2078
5624
4623
8645
684
2979
2322
285
2986
7479
256
5194
6251
8690
7794
867
1796
7830
9991
7755
9908
8400
9995
9850
7587
5953
5389
2362
1208
2797
7239
4955
874
1092
5396
1129
5340
2764
3186
9328
8462
7991
7893
505
8731
2482
1956
227
3166
5401
3236
764
9742
3130
3965
319
3879
6671
2555
5530
4390
4371
2423
8268
1698
1604
158
6970
85
3738
7371
7923
1340
8034
3746
6962
9217
5170
9411
1368
6425
5773
3886
4570
9434
511
1362
9237
4352
1718
3877
2451
8872
4597
9673
8372
8703
5792
6897
1133
2884
4648
4188
4652
5067
7034
1213
4246
313
8054
792
1179
818
184
5457
3645
5189
5819
9352
9625
6486
6661
7874
322
7806
8062
1803
5343
6057
5090
3683
2830
9005
5327
2195
3564
8749
5363
825
883
5927
6260
2486
5671
6073
9116
287
5735
6766
6
4149
8280
4610
4414
9939
3223
8700
588
565
7272
8388
2808
4744
7000
223
6721
6437
9537
5489
7666
1035
3758
2599
6867
5598
7784
9390
9350
7571
5290
423
2042
5487
9765
6065
7106
1491
3982
2898
193
2031
8464
3535
8384
6116
8295
5832
5155
9095
8180
9
1822
7407
3181
2209
2682
1011
7628
8447
1786
2194
6122
9521
2603
885
2978
6063
2624
3211
1557
2677
4786
1815
1748
5143
504
2573
8714
2054
5190
1086
2455
7690
3834
2519
7416
1111
7467
8448
6312
178
315
937
9658
9750
2930
7135
4948
6705
8739
1255
6638
8454
5116
2738
3689
3352
4792
4092
7456
8297
8404
1408
2185
3461
5518
5224
3942
4687
1858
4191
7791
3620
1279
3263
5947
6306
2495
3094
771
1903
6281
7413
6246
4124
2667
9643
7866
6581
5572
9493
7934
3300
201
3819
2663
2678
9814
1517
4033
519
9700
9481
4008
6426
7766
4370
3365
5132
7229
7349
5127
8877
5081
3483
9218
9104
7724
8919
9149
5591
3893
4696
1577
4139
1773
8493
7993
4757
1436
4442
5871
8403
9858
5471
2443
8116
5989
7353
1269
7548
1664
4794
8879
4712
8924
9884
8817
4491
5962
3734
9415
9092
644
1264
7496
9339
5896
6460
9691
9876
7019
4490
9927
245
3866
5784
8444
7758
6692
8893
1668
8
5662
5570
4617
2299
1384
5516
7568
580
6465
3594
1334
9768
8768
4730
1073
4156
9288
9501
4308
2973
9387
6348
218
4915
4384
8912
5183
2098
5015
2632
3499
2066
6614
2363
3119
3565
3595
3214
1271
7190
8944
8923
1167
1021
5304
2786
5949
8517
8510
4251
2758
7955
9698
3719
6018
2159
646
9433
8412
7860
6366
2043
3328
2787
946
2846
4043
6343
7342
7290
3868
6514
5663
4750
9210
4287
6906
5887
6033
876
6920
6413
3853
111
3534
7123
7776
182
7849
9404
4260
4944
9030
8777
2904
514
8092
1900
3065
164
2520
3520
6984
8889
7139
4473
1152
9979
7623
2834
7786
1345
8832
9083
4747
6076
7333
6732
5595
1938
3491
5804
3402
8630
1451
370
5867
2891
7882
4838
1057
5912
6000
4803
1749
1859
9883
6727
2707
6921
6131
9347
8556
4066
5277
2048
8309
6949
3723
349
7717
8740
186
1277
3496
4392
3407
5165
1492
696
3551
6344
3297
8198
3218
9152
6463
3444
3973
1968
2803
2780
4710
3959
6711
5215
442
475
8699
4457
2064
9231
7622
6154
6146
4778
4847
2541
7127
4346
181
6170
1820
8835
5996
3354
908
8701
8569
1170
5741
2513
8266
2223
8184
3182
2330
7665
1677
4781
8738
6646
4399
8214
4620
9475
829
6737
5103
3135
1740
2493
4703
2522
5444
8528
4395
4169
4842
1375
2392
4910
2270
5369
8291
1085
7734
1959
2999
1503
1945
6047
9101
2736
2816
7847
3178
4702
4320
9947
6448
3953
6751
6453
6969
170
2237
6134
9933
2972
5593
871
198
6234
888
8623
78
4264
6683
6026
5219
5842
8329
42
5312
2413
2571
6302
8659
660
8017
2597
6270
7783
3479
4912
6572
8568
6483
5991
6823
3471
7585
9710
8212
3370
3492
4427
1062
6070
3655
4123
6955
6311
7705
7150
8925
5483
970
1532
4288
7009
3450
238
4784
6469
6289
6381
2168
725
4302
8691
1712
9189
3945
1149
8418
9463
2552
1849
6828
8277
3948
428
5771
7030
4825
4893
2336
2906
8031
3905
374
7419
3252
710
5644
5974
3291
6329
8719
4299
2327
5153
2874
5058
243
2267
2425
5580
6091
545
4607
6449
904
8526
9106
3807
587
9409
211
1613
9551
9028
1729
3985
1885
5411
8364
7904
1802
1914
1126
9815
3949
4984
6184
9253
8453
9924
6336
828
899
6214
5830
5554
6335
267
3818
5879
9483
3319
5797
7903
7074
6123
7444
6569
7361
7826
8895
7531
3579
8541
8107
2170
1800
4588
1467
5468
1942
2613
6457
438
7918
9638
9144
466
9382
6194
405
3682
4655
8330
6869
29
8745
1810
3990
1273
6316
237
8599
2702
7369
6130
8346
1453
9819
4297
2320
5329
9589
5065
3413
5228
657
4337
2182
4359
4330
1660
8168
9904
8778
4976
2594
5253
5466
4007
5391
6722
5891
9905
8900
216
4103
7885
6877
7658
2588
943
1894
3176
7626
4165
3714
8443
3574
9025
2429
8507
2943
2781
9754
5214
7823
2546
8959
9534
4244
747
9198
4375
2108
4742
361
3556
7028
3473
5737
9429
9207
6851
6372
3277
2867
3489
5654
4510
3823
1716
7704
2118
5684
2275
6338
2114
2309
9616
513
3727
8537
5643
3847
9993
3710
5875
7845
2180
8089
9312
2206
5525
7376
2311
6354
3826
3561
7983
7366
7368
1805
6879
7474
1048
2971
8610
1655
5678
880
8579
2372
1441
7359
1806
6974
7809
4621
6543
963
6685
8975
169
5869
4413
9491
1950
9785
1134
4506
1990
4967
6779
4933
4459
845
9610
5352
3709
7692
3356
6419
5957
2935
9469
114
8065
1525
5965
236
4376
6674
8051
723
4541
6889
5021
2229
9618
7546
5289
1704
7124
4859
4158
4808
625
3110
5234
734
9938
593
4239
5790
86
6367
3386
4268
7399
3474
7769
7554
9544
4373
2117
8787
8185
4843
605
7660
9136
8414
5469
1799
1595
546
6178
652
28
1769
4985
5583
9737
5750
1504
878
7072
5601
8445
7039
1771
6108
2445
6161
2890
4181
2836
1020
2926
7751
283
2620
3796
6068
5835
9974
8986
8945
3434
7001
9035
6639
7592
6488
8292
3424
2446
4425
7264
2477
6773
7088
5568
4347
3809
2158
9196
3739
101
8808
4363
6848
161
1868
4421
5238
8317
3081
1228
958
316
3195
5728
1301
422
9145
2562
6817
2422
3583
3795
3422
5295
8225
2748
6771
2381
6121
9366
3213
4111
7662
9289
995
8870
6120
8720
8776
9403
8385
4272
5330
6774
367
4828
9472
6535
7012
5954
6456
3048
3720
3651
927
6678
8425
5878
4709
4075
7939
190
3391
4624
6212
8653
189
8203
2052
5080
6909
1405
1572
2799
4345
551
8946
8042
222
4090
5544
1819
3532
5313
2396
2894
5532
7859
344
157
4584
2467
1510
9580
7995
1785
6782
1964
6200
1102
9520
1889
5433
7254
2157
6037
1
3559
1667
8137
4448
7032
7650
7732
9129
1289
8202
3913
1625
3274
4928
286
2222
5645
5890
9213
5269
2416
4045
6433
2592
9319
7383
4398
3039
1411
9078
3423
9755
9157
9885
435
4493
2143
9728
1367
7162
3740
9767
9323
2204
9889
5129
7781
9837
8751
6820
4894
4691
3801
8084
2877
2210
2371
5656
1665
6285
5882
7560
4504
3091
3455
7759
7324
5841
3538
6223
2439
2984
2027
6434
3177
3127
3607
1222
1570
1404
3494
9696
5690
2531
9909
3754
4487
6670
5308
743
8956
3695
8503
8242
3800
3490
3105
8097
6101
6013
7052
9248
2391
8199
6522
9223
1204
3047
6559
5665
3325
5278
1464
1957
5543
3200
2262
8323
1636
3221
5326
7701
296
7668
4834
8470
8947
6049
1053
2933
2959
4530
4071
6368
4477
6505
192
4575
8374
1401
1260
3183
5051
9975
3928
2116
220
5365
5782
2489
7163
930
3389
8908
4777
4719
8369
8010
1356
4070
635
1700
2993
9816
4754
9280
4962
8167
787
570
1341
6318
2545
3849
1108
9020
8529
7060
8648
7293
2643
8410
2815
5213
1323
3255
5371
5383
7844
1977
6615
8016
5057
7007
3120
2196
921
592
2369
9431
7466
8208
864
3197
2469
9497
4067
9362
8549
3763
2589
522
4837
774
4351
33
446
1826
5719
9202
2773
627
4152
98
5514
3865
6204
8286
5463
7459
2011
2615
9900
8672
3941
9337
5717
6982
1296
907
357
4672
6471
4854
1063
5062
5631
1987
5195
8165
9489
1543
2759
7271
3340
6987
1881
6994
9893
305
7675
8331
3457
3462
6179
7562
824
7015
942
8250
2888
77
9582
453
8868
424
5337
4479
5248
8121
3280
9725
6980
6524
8943
1550
606
5910
3140
6835
8123
4242
8917
6873
1016
8000
9036
7873
3543
4433
2673
2428
8865
3247
2735
8355
4089
692
4227
4829
3229
2824
9944
9466
5375
26
3258
3598
5288
6948
4350
3750
6040
2911
7157
4255
7311
9465
6045
7509
5973
6775
5377
7486
2903
2712
7138
2463
6211
9949
9741
8189
7378
9077
4934
2713
5178
373
5028
879
753
9628
1628
7188
4040
8125
5664
7195
2839
6187
6625
8698
1634
736
2488
5245
5477
5861
5032
2605
1169
523
5739
4918
6824
594
4212
215
1496
8678
3486
2354
9285
4322
1205
8409
5097
3251
9085
2955
3573
2800
4978
2035
6022
9171
7868
105
7513
8966
9287
179
1798
3693
5571
2976
1829
4664
2002
2005
1821
464
2982
6301
5306
9912
139
8484
7410
9642
4598
9563
3360
7307
5242
1955
9882
2708
300
8767
4171
8457
9529
403
6432
8175
2071
8915
9921
9598
4085
1539
4184
5529
9450
4662
4585
7218
4024
360
6423
4865
5331
4356
2193
5507
4527
5936
4112
3580
4382
5606
4756
8221
3057
3621
5683
6617
8326
2091
6398
1018
5851
872
9041
7627
5453
7075
7994
7424
3882
5968
2141
2247
6642
4613
6919
7612
6503
2297
1730
789
729
7179
8243
1117
1032
9449
6631
1268
4809
6874
6060
7177
4484
8906
609
4049
9173
1752
4408
5677
7446
6110
2622
6777
1412
7924
7588
4776
4636
9134
4876
1814
2915
8789
1838
2087
1207
9538
7270
1940
5722
9484
9519
9701
4920
7608
8611
7569
4423
6090
6410
6862
8098
2774
9176
817
5844
5920
70
295
1382
1962
8439
7580
8008
3059
148
4004
3459
6937
1851
2637
8417
4543
9284
5186
5725
8933
8708
3136
1439
8844
8555
726
9071
6009
2754
6629
6893
3147
5573
3320
8288
805
4660
7020
3209
8840
6924
4087
9923
8368
3805
6910
8363
6303
9958
280
2097
510
8649
7316
8559
9457
9048
6577
3466
8820
1764
9780
2997
9281
7709
4207
8133
1853
6206
2916
6031
5990
5659
4545
3381
9008
8671
3896
341
8521
3653
8512
5774
7856
1017
2342
366
6219
3932
5495
5448
474
2726
8387
1274
1624
7591
3670
5521
7173
8905
1627
727
1461
4611
7960
8842
6600
7203
3647
9787
401
5934
857
7742
6632
9314
8223
1214
2283
8226
9075
7453
5509
8546
3333
4675
9704
4508
8685
1325
8519
8244
32
359
5545
1316
7855
9922
1304
4885
416
7267
1918
2566
862
738
4656
8305
6689
5928
7875
7944
9916
7561
8901
3843
3936
3730
8995
3103
6287
7069
6570
9505
1870
2294
4520
9626
639
3963
8750
7493
9641
7559
5223
5705
9087
7700
3137
3104
940
6977
5526
7773
4463
9235
4856
9753
1640
3553
834
1568
9435
7167
8032
6611
3569
3187
9872
1845
804
3454
3513
8697
686
3692
9398
5511
8520
5325
1642
20
873
9139
3498
7502
2171
4515
4518
3530
7117
6198
4692
9222
4861
1996
8628
1440
6847
1161
7833
7827
7820
382
5898
6158
3001
5775
9828
1934
5986
2030
3145
7435
8179
3696
8997
5732
9179
821
7197
2942
1526
6726
9972
1113
8615
9221
7967
6965
8593
6606
5407
5541
7642
6985
5952
8316
6250
7391
5381
9344
8407
1434
7935
7397
7756
2373
2131
3394
744
526
4415
1982
2383
6446
5420
7583
1528
2008
4845
2164
6001
3707
1067
5137
6210
877
8839
1197
6017
6373
2895
5897
4788
1876
484
6107
6401
6477
936
5085
5275
8792
2430
9877
7501
5698
6591
1621
1965
5674
3087
8641
3353
5753
796
7961
3324
2896
5068
5406
516
5334
9089
2361
6523
364
9108
8581
705
6555
1732
2700
5776
1424
5321
4177
2338
4881
8993
5030
889
4603
3419
3401
1760
8707
7278
7296
9439
472
1343
6230
3317
7400
30
1590
9732
9031
8353
3075
1387
4940
2584
3254
1888
5074
8465
5098
7141
7166
447
8625
9057
3578
7807
2001
2169
5279
2823
6815
1097
9911
7223
1683
4936
5886
8319
4529
2688
2757
7250
5984
9918
9585
1789
9606
3420
487
5688
7805
7743
3245
1454
8874
1906
4082
3757
7912
4134
615
9329
9346
7746
1061
6693
8953
6109
6715
619
3100
2269
1203
7681
3062
699
1284
2183
2983
5902
8540
4625
863
6791
8532
80
6860
5919
7624
6323
1351
8799
8142
301
4509
9177
3275
9962
1616
7331
8861
998
7116
2025
7800
9354
3061
1138
4121
4021
6024
1817
4261
4512
4905
9131
6308
9605
9631
994
9459
4953
4724
8680
2375
3783
4419
4052
8386
7814
7986
4774
1235
3890
3736
5636
3189
8798
7042
5963
8977
4523
8229
1746
5872
1147
6160
9555
6378
7726
90
8197
3969
1432
5785
539
7537
1935
7101
9027
2059
9300
3400
4213
3698
8682
1671
4130
1993
1070
1437
3240
2810
6710
6922
5388
1840
5221
1298
2863
5691
3704
1130
1882
1468
16
9964
393
4801
3052
6857
7948
572
1823
8201
5158
3862
8102
1469
5261
5958
5633
1326
6467
1498
2147
7050
4495
4110
4039
1693
4245
949
2564
538
1181
9965
8082
3435
8818
7472
3114
4397
650
6095
4811
8238
4216
3666
8135
9438
5123
4444
6408
1481
571
2609
721
1392
5587
2065
4764
7688
1077
1221
642
262
4223
4146
6346
3051
6578
5860
7460
4853
273
9990
7828
1666
4400
4072
6420
7227
7790
113
5392
9124
1753
5723
9694
8108
7499
5324
2061
1494
264
377
1349
167
1899
5179
8460
3021
8983
4386
4699
2162
4761
1652
8230
5408
2512
8196
585
1609
6900
8381
6030
675
8039
9583
4911
6508
6579
8239
8955
5881
4855
8420
2907
9636
5982
6896
664
1128
3004
8543
5399
4729
271
6455
3098
8784
7183
5142
5007
9159
2044
7601
3702
3768
5494
7737
7308
8606
2122
808
4766
3662
9293
4746
9192
1958
8064
5585
7512
5883
849
6911
4752
8192
261
4872
1697
7089
2317
2608
5839
2352
1185
9915
5885
9919
2404
8402
8359
116
4437
8113
1907
6719
2944
2819
3377
1979
6938
1952
274
6478
2635
83
7962
9644
7629
841
4099
1518
931
2319
4619
6542
1123
8930
1374
6175
6395
590
941
6321
8812
22
3372
5125
5566
6077
8431
7251
7226
9808
130
9045
3549
2257
3628
8886
5338
4737
3202
6191
7798
1416
1606
2724
2200
950
5281
1104
9686
1176
626
8088
7292
7682
730
5557
4544
6780
3554
9564
3514
6473
3630
3622
7051
2621
1447
4606
3092
4618
3049
8587
47
5628
4283
748
8415
837
1324
7897
6119
7283
1295
8206
5845
2406
7664
5227
3239
7118
7887
9375
9821
1734
4685
6347
5207
5481
7920
8468
6496
1902
1482
8595
5218
6930
8821
7702
2015
334
6783
9648
6389
9096
7689
43
4789
7263
9436
3793
6801
9536
1696
1175
3568
2741
9574
1321
7530
5764
128
8675
4653
5834
915
6183
1309
3446
1415
7249
207
3840
9981
3789
9624
5853
6188
1072
1215
8427
3287
3235
8475
4116
4403
819
3244
1893
8360
9353
7988
3154
7339
121
2266
7929
1081
1761
7966
6861
9082
9744
3790
9068
8932
3069
750
4224
2760
3482
346
7740
9006
7041
5220
2811
1407
6199
52
3438
4144
7011
9591
624
4586
6190
9557
9147
2876
1330
8850
9342
9456
2625
3511
4455
7327
2139
7762
4773
8907
4949
4717
2957
5794
7393
4271
597
2024
372
912
7488
5108
9612
5440
601
1493
905
5104
6701
6002
9413
398
6839
9982
3870
6800
7505
7835
1643
9488
3854
2466
350
6180
2873
7891
2410
3521
418
9623
3752
5655
7754
3989
938
5239
6748
8174
8848
897
23
2769
6218
8612
2151
9426
8481
4707
8876
436
5479
1059
8459
3475
1985
608
4963
142
8523
6298
1650
4980
5955
1396
7483
388
7902
4001
8650
1976
5088
8938
4319
8154
36
6743
7374
5109
5865
5430
2646
1738
5630
8430
4647
1098
4499
7031
4673
2791
2524
3003
7545
4313
4805
5023
6563
9242
1780
9688
8209
5925
6504
3329
6658
7142
1690
9268
2752
389
4594
3633
5274
3915
8545
7774
2355
6604
6436
309
9412
1069
9508
9871
2591
9601
9418
5092
2865
5187
8775
9308
6533
6284
3548
293
1830
698
5233
6174
6422
399
4706
4605
7452
8769
2659
8896
2695
9936
9298
3910
3846
6427
9667
2407
6458
3904
8166
6133
5866
4568
2812
3260
7549
8967
71
1198
892
94
7373
2331
5282
7841
75
2730
8261
7328
5482
3088
4079
4258
9645
1306
2145
8169
7063
4133
9416
2641
2634
2302
8965
9107
299
8398
4367
1530
2734
7282
9151
5899
1397
7919
3298
6950
4599
8742
987
3844
3395
7877
5504
1694
1981
92
9135
6870
9959
7409
8373
8066
8060
7974
1988
48
5597
7156
99
7926
694
1036
2574
7949
3743
27
7144
5311
4485
3589
2485
7338
5296
8564
8721
4521
8875
5298
2431
9772
6637
2004
4119
1562
7979
5118
5174
437
7180
1792
3590
304
2089
9245
1459
4277
2136
6854
3323
4913
9084
5852
3358
7128
3765
8547
119
4550
1614
7618
5642
6679
7792
229
9561
3876
2080
1346
8747
9240
9553
5503
1551
5236
7832
4972
3456
6915
7161
413
7318
7718
9335
5542
6484
5856
8422
4311
6241
9652
6647
4036
6713
5157
9611
4383
354
4440
8831
2494
5809
6203
9102
5025
3303
3368
1178
6864
4857
4558
9141
9226
4307
8533
9437
5907
6192
5124
2249
7396
5760
4749
7471
957
9378
2934
7414
8182
2417
136
217
4113
5870
8797
4298
7767
7942
853
8660
1839
9733
9394
613
3829
8527
2537
4973
5264
9980
4422
369
5452
2881
2990
1489
599
3371
4522
8548
4720
9803
1005
4513
2050
9951
2908
7733
7907
9880
4280
9931
1553
7959
9802
9714
6451
7661
9851
8823
8004
5727
191
456
3673
8665
8289
8826
8674
7004
7036
7669
6676
3151
8834
4760
8570
1501
7607
9789
4643
5715
4284
4866
1727
9896
19
4426
2041
2079
2809
1932
3006
2007
6793
2814
3309
4654
5711
6754
3778
2878
6652
2306
6429
3917
3378
7462
934
8766
3674
9976
8805
6167
1425
7056
6016
8677
685
9040
4030
9500
4960
5766
221
9499
5374
1191
5513
3822
9043
414
9271
1444
6048
7574
6157
3505
8491
7194
2644
2554
5368
8931
3109
6636
4952
574
2761
683
8668
2378
7550
8679
7392
1188
3179
6079
7614
3035
3774
2273
6947
2409
645
3064
5625
2346
6468
4317
9462
4221
1140
4210
8589
5793
6886
5993
2244
7299
5216
8494
7630
7321
4010
3654
6412
7846
2705
9452
8884
3022
3501
5345
7981
529
4402
5605
8303
4501
150
9823
8971
7261
5900
9756
2857
663
340
7348
971
7621
7884
2771
266
2096
9292
5054
2683
3821
9678
9721
1267
6888
2515
3787
5445
9163
4780
1600
5945
9076
3321
5801
7178
3053
4068
7982
241
5911
4849
6005
7616
4957
3742
4174
1377
1933
8471
6813
7547
426
9570
3713
6979
6231
8638
5210
412
1486
1041
1811
9374
1794
8800
8709
6662
6247
3111
3041
3934
310
6317
8228
3416
966
2010
8030
2927
8304
7594
6294
3083
4291
882
2189
282
757
3331
187
5829
7262
5895
8416
9261
2751
579
8652
8067
11
2826
2420
2234
7192
455
9023
2365
7707
9738
8046
8530
9424
9447
225
5847
5685
259
6798
8942
7442
9833
4453
4873
603
4140
5629
3637
2952
1259
9512
1327
1166
5617
5661
498
5840
1315
4489
6075
964
4269
7024
6675
6778
8531
9941
5441
2480
1055
6480
7160
9788
8482
8631
8118
4970
2529
1357
4042
6237
5550
1989
5497
5561
8795
5413
5117
88
1056
6084
3393
439
7322
3581
4689
6648
4562
8300
7898
4921
6805
7210
7609
5076
9241
3350
4430
2345
276
5670
2246
4300
8356
779
9014
3643
2980
2953
8796
8183
4194
2777
8290
2802
2633
5718
3952
6403
620
6209
3519
1947
5111
5827
1189
518
6856
308
8486
4596
8926
1174
8469
3306
269
5811
7646
7894
1970
9881
6954
4214
3512
5043
6547
8940
1194
4327
3447
9817
959
3121
5833
2770
1275
7625
7388
583
6759
3066
9146
7534
9126
9297
5720
6493
3449
7312
6891
584
3716
6393
8109
3005
183
9260
5370
376
8473
6293
4622
1476
7510
3832
1559
6495
8076
486
3441
720
4338
7304
4168
9734
1030
96
3665
1290
5041
6811
1733
6519
1475
7008
3626
3224
5159
2500
6620
7605
6388
440
5012
9661
479
8126
9467
8284
643
6590
6104
6667
6899
2456
2697
5003
5136
3477
6242
2324
2535
6826
671
321
420
7838
4569
4560
108
4966
5042
8914
3706
4566
9316
8838
3884
4502
9584
6126
1544
143
5846
8626
589
3712
969
972
9826
1880
3773
7782
8730
6152
4900
4810
6694
622
6537
9357
4983
7997
1386
5864
6755
5147
457
2176
7729
4748
3593
6795
25
6644
7202
2628
6967
7129
8785
4663
4003
3132
1450
3919
5822
1635
9373
9649
2013
1943
3033
3313
3316
8271
7999
1206
6541
3158
9408
3527
3345
1971
5302
5926
6202
463
3363
2459
2239
2282
325
9105
1217
1898
8801
4064
6725
5520
9327
9225
2593
2058
9019
4741
4899
2779
8781
9869
9942
7589
6935
3012
6369
9604
163
9971
8922
3430
2258
2969
6690
6461
7468
9769
8984
7303
3284
1578
9440
6663
525
6357
2558
7676
7504
5560
4528
1714
9614
5064
2842
6819
7319
1064
2661
7797
5384
4864
4604
7937
9445
8151
8050
7578
79
2380
1787
2465
3344
1243
8813
4208
7066
8094
4015
358
9878
1691
3639
2963
1248
2658
790
9963
815
9209
2191
1653
3014
6481
5009
476
9842
1094
1555
1520
6941
3293
2063
8586
8270
8822
6239
953
7796
9013
3708
6718
2576
302
9812
8324
5555
7010
9576
5921
7899
1631
8864
5581
2435
1223
6981
6227
6668
7077
9866
3288
5876
4721
4235
8204
7914
2859
1511
8466
6703
8249
1998
8130
5202
1630
5333
3248
4046
9334
2149
9897
6069
5405
2084
1579
39
902
1452
4128
8779
5305
5658
4445
2377
1516
2850
4858
8446
6439
4336
6148
5299
1886
2397
1778
2106
5786
7464
1448
6165
3342
2487
6309
9160
1257
7909
2150
4456
9655
9343
6435
3603
6750
3152
8810
8395
6444
2772
3322
1192
715
5154
9748
4324
1941
1238
9781
903
6275
7356
9535
8405
1379
6518
5197
2655
6809
629
1552
1485
4807
351
5292
7461
3326
4409
8575
4276
8061
5689
3504
3717
5569
5130
2690
1997
6757
3700
2909
9460
5169
9247
4751
4312
2720
5985
6548
844
3540
9443
9547
1148
166
4817
1571
2468
2271
835
5546
6464
4505
1272
2012
7698
4814
4136
7422
231
3842
3929
1410
3638
6132
4494
5152
421
44
7708
4162
4708
1758
5423
2351
9063
4762
6645
8878
2848
3086
3478
9566
4688
5612
9049
830
1561
2444
5800
2358
9054
9255
1864
7744
9455
9175
1608
4635
6339
8390
7777
8960
5703
9809
3024
5679
1756
3933
5107
746
7265
1743
7345
51
1669
2076
1658
3364
7768
2991
3542
6762
5873
4727
3728
7564
1037
419
467
3485
9072
4225
2303
7021
6876
1916
4916
4483
1855
1710
4943
3606
4548
6197
997
1960
3366
7055
8314
9277
8667
4470
6650
6424
5046
2958
8262
9726
6277
6267
1602
6472
2003
5393
7928
2583
6684
6545
14
2218
4644
1109
1236
8361
6358
172
6706
1244
31
3930
1265
3745
2364
9158
4880
6337
1065
1012
6313
4892
6855
5970
6601
449
9355
270
7557
535
9283
9764
4203
5101
1720
4514
9220
2421
4063
2426
2595
9708
983
7352
2656
8852
5499
9523
2192
1848
6556
8072
8047
576
1728
8676
7114
9727
4902
5034
759
1909
3464
2818
2291
1663
6430
8991
1647
1818
6723
9599
8892
607
3675
9875
9361
9854
6299
9050
3688
5
478
809
4851
4796
6431
2709
406
5480
5073
8594
9804
713
6411
7810
2128
2033
4100
5437
5825
1563
5146
1460
7113
84
2861
3058
6830
3794
3046
1456
1300
9957
5201
1662
1027
176
9244
1154
9541
9186
2348
4869
6240
3954
1004
4833
4500
2062
9321
672
8904
4086
9250
6089
5148
9208
3150
7862
8041
7093
4844
9682
3731
4315
6196
3685
102
8009
1871
4556
9140
3113
9016
8040
5459
6612
8063
410
2138
6567
4166
7524
4995
6810
6666
9470
5877
2601
9454
1318
1165
6044
9471
2068
2691
8989
4379
5120
9485
2521
1483
8585
2163
9784
6440
5821
6875
3169
2393
4183
681
8686
6428
1359
770
5450
3429
5512
6822
4404
7440
1831
1675
1801
6790
5836
8651
219
1521
3602
2788
3947
1978
9627
7802
4616
3383
3216
4799
2887
1936
5971
8635
5066
8666
8313
1172
9325
4380
2544
9749
4157
6117
8227
2509
4466
7068
7219
2228
7647
110
7857
3487
4557
2790
9680
8566
3250
3701
2653
9736
7111
9168
7433
9270
9216
1033
1210
7205
6276
536
288
109
3788
2889
1276
7761
6597
982
4405
4820
1597
3093
737
3925
8207
8496
9807
2618
668
3134
6717
5419
8990
9286
4417
4334
140
5493
1584
147
4701
8718
4895
561
7420
3346
5422
5648
9279
6558
7241
2476
6262
4002
8743
2518
1488
8488
3718
1093
4098
9229
2148
7317
5376
9304
2756
4018
5416
4267
4884
9747
7108
3883
4641
1013
4137
3396
1040
407
6479
8399
307
4871
4524
8310
5998
1400
2527
1673
54
5613
4628
5738
5461
1146
8655
5697
6379
3237
5059
778
2113
3227
4173
5035
3349
7329
1141
72
6470
5531
5360
8713
1524
122
7987
4551
4987
945
7337
3587
8802
1930
9692
866
993
2701
2704
8476
9405
1948
180
2100
7693
8996
2484
1164
185
974
8311
9777
8567
6072
1589
9133
385
1314
5915
7484
7570
7228
3481
6836
6067
8658
6189
1249
566
8138
8463
2402
8480
9617
507
8128
2729
3802
816
7721
655
9531
7100
7362
343
5857
3609
4793
8070
9656
8423
6887
3629
4671
6032
633
5347
8335
3610
8200
6742
6763
7518
8338
5913
3605
2649
9468
8170
1026
6776
8722
6602
6734
9153
6739
1329
3803
6512
7508
4076
665
2910
8379
9193
7799
3856
6716
298
2124
9735
3544
1288
7134
4195
6172
4132
4055
5336
8074
2472
1423
2577
4739
6362
3351
3159
7699
5978
7154
5464
3163
1202
5807
1919
7152
4381
4726
7652
3188
6356
1672
7722
9745
1353
3769
4852
9527
8958
543
129
3233
9230
1084
3839
541
7576
1478
4738
7812
9629
4095
2390
6976
6021
2703
7403
8327
7480
2434
9349
7517
9341
9042
1961
3531
3636
7730
392
948
8025
7507
6415
233
2744
7430
5939
6384
275
4578
6474
6908
2820
4465
7006
8157
2475
7834
2243
9600
7002
199
3073
6613
125
614
8921
1177
7381
3023
6588
8497
7931
1066
9895
6105
4946
480
8772
2715
8613
1654
3764
2038
5044
7816
554
5135
9977
5268
5967
4732
4278
9294
8124
6156
3977
1262
2310
4129
4567
9142
3678
5681
5638
7365
5091
8973
6176
2040
1449
9948
9232
3562
1804
4304
5901
4460
3243
2650
9950
8858
6201
9212
9046
5652
9861
3897
4032
9181
8483
3711
9758
4200
9757
7541
6226
1558
2201
6872
6307
4486
9372
967
9190
4303
8539
7146
1302
5994
5052
8770
1473
4411
5777
8998
5011
7633
3762
4536
1679
7295
9709
4240
6054
4609
5112
9999
146
2768
1739
7970
7634
6052
2419
6074
5596
5398
7536
3968
2868
6274
8038
6392
9130
1591
3537
6142
9010
1875
4349
3785
2750
7748
8867
7044
4023
528
9969
7181
8538
4441
7148
335
2549
8450
3756
390
8588
9532
1514
5721
2049
9307
5600
1534
4582
9695
6746
69
6383
3591
735
7164
2408
2793
7936
5476
2835
9763
6912
3315
64
3168
386
2326
154
9677
8257
786
5943
739
5602
1969
4341
4318
2804
5693
3193
7469
8339
8370
4226
5089
3373
8389
2388
1777
7687
1051
7864
8894
1973
7406
3552
6712
6788
7067
5918
7132
6510
4645
9164
2276
7711
5322
9206
4094
4394
7695
7358
6565
1908
6324
2129
3361
6208
18
8860
4434
3374
5536
9903
368
2111
1917
9926
2153
4601
3775
6695
6740
387
9188
8954
3616
332
2917
3951
4429
4722
1782
7515
5314
4127
2227
3921
8164
9371
8774
3830
9302
6258
654
8502
6580
781
6884
9676
7752
5781
5818
8012
3974
1312
327
1291
5795
3427
8851
1688
4439
4677
2739
6729
9746
8103
3133
4420
4740
5237
5231
7257
5270
2017
7529
8127
3162
6100
1649
1307
9088
7091
6996
1163
8357
203
1556
3311
3171
918
1231
9650
1509
7281
2827
3029
5378
3276
46
9448
4661
1009
2710
6222
8764
3810
4517
5196
1160
6140
6502
7839
7158
6528
1620
898
3458
6989
7788
8178
4879
8873
2335
7741
1523
1029
9994
9428
7335
733
5799
5517
9609
8006
1007
1724
2438
9973
5765
8761
5812
4056
3817
5843
631
3848
6295
6093
8603
9632
5069
6536
9110
2224
5403
7673
6035
5442
8396
213
7566
3038
9705
3850
9356
7500
5669
1924
2938
508
3488
4559
7048
1681
2055
693
9392
7310
8891
8348
752
3687
2481
6681
8741
8495
1897
5418
7017
9665
9069
3657
9273
8294
7735
3596
3851
7475
3855
7956
6397
3210
3196
1986
4531
8035
3241
8163
2020
2829
1827
3547
9065
2807
7565
2323
658
515
6551
3914
9502
8515
1701
2288
5323
3604
6926
8736
4768
3725
112
5415
5447
9174
9238
7553
8349
794
1153
8576
8506
5156
6406
4101
8854
7599
8871
5622
3190
3304
1200
919
9478
3067
6215
6797
65
7672
9509
7953
2831
7842
9579
5650
2638
1722
8093
1187
7905
3664
6842
5164
7252
3108
5160
1751
6812
6599
2828
162
7667
431
7289
2490
6177
4285
8807
7620
800
6585
8988
3781
4237
5626
3885
3811
9490
1915
6568
4498
3944
7645
4846
4019
2901
8036
9902
3619
1090
8640
6028
8847
8187
4862
2570
560
813
2037
3624
6998
4013
5297
9782
2166
4735
741
320
2840
1565
6042
3180
5024
8535
7136
491
4565
1834
8015
7779
441
3599
8994
5047
8600
5172
5673
7619
1245
9590
1980
8724
7780
1922
3207
728
8550
4153
5249
9079
5465
6315
965
2614
5992
1047
3827
1657
5917
21
2977
4065
501
3173
5400
160
1567
292
7377
1554
6360
1209
6236
6351
8644
9637
8252
5083
2119
6944
8028
4247
1860
4187
224
8013
858
7385
1266
3031
2582
783
4118
5707
604
2356
8246
8337
6691
5931
4526
5708
4561
6059
4357
6097
5862
4296
667
6325
1911
6342
810
2885
9720
8728
6858
2948
6540
4577
9825
9269
661
8216
2686
527
1347
60
2265
7957
7102
8461
7384
890
328
4904
7990
512
4131
8829
9855
8131
8145
9517
6552
5649
6220
3480
3497
772
3362
3281
8099
2123
990
9983
7078
3470
2517
5779
7917
7883
131
4369
8302
9989
9004
8501
6020
7745
7200
9061
9906
6971
9822
352
3080
2083
2047
7394
3726
1280
4229
2587
9121
6589
2250
151
1151
9388
2542
1896
8992
3943
4897
1125
7947
5049
2981
6297
8161
6863
4361
2462
5276
2314
5018
8162
2202
4025
272
5380
2617
9166
2496
591
9318
6475
9476
7175
7643
404
9987
6008
8433
4650
9796
1713
4540
600
4986
8018
4078
9615
6561
5964
9169
2172
9332
2344
6257
4236
4407
9324
7105
82
6450
524
5038
1564
239
7185
9477
9920
7720
7523
8424
6417
1331
760
2714
5813
3208
2954
2039
9363
2742
277
7992
3194
9864
6213
5126
4633
9473
2851
4143
6407
8328
95
9187
2639
7593
9001
9178
5472
3018
4306
1502
6784
7095
252
8269
2922
8500
5303
4745
7320
8143
5188
5756
5246
2000
7813
4926
3043
6902
3002
5462
1422
206
9113
1372
1305
7099
4627
4160
1623
8887
258
4154
8362
1857
5150
2259
2454
3600
1770
9690
3557
2073
1837
5609
3167
827
5604
263
5858
8219
9929
6898
8068
4693
740
7447
4147
954
8007
6238
9384
701
6635
7306
6939
9458
2504
7405
6792
6728
9683
8890
2893
2856
7691
5332
9396
5486
6282
8033
347
4964
6549
6852
4670
7240
2785
9565
1409
214
2292
1725
8859
4418
6761
4815
9571
8582
5161
6946
7300
9602
6975
1904
1358
745
3397
4155
4919
1791
9453
1836
6758
7869
984
6255
490
204
17
2510
5929
3635
4189
4201
2095
9034
4467
9425
7454
3096
5366
4054
1458
6943
4478
6914
7364
531
843
6767
9038
1674
2753
5362
9272
9940
2021
9482
7941
4309
3592
6709
7886
324
6112
7341
2805
7930
1702
7738
1587
7412
1629
5695
9109
6244
8458
4151
6498
861
7697
8043
7059
3078
2142
6319
9249
1639
234
1429
9246
3588
6400
3054
5808
9214
3880
6421
8083
2255
718
2940
9056
555
1607
8296
6928
2188
4850
2687
433
2070
4819
9569
8240
8629
3797
6094
5175
7586
2415
7998
3071
7760
4886
5230
8715
9379
2732
5184
402
3050
2560
8754
1687
869
9587
8511
8080
6050
2727
521
9123
9062
3570
8706
353
2725
9313
3820
2516
2187
6673
8235
8085
2860
4870
7411
2026
348
481
569
6012
1637
4358
3572
7976
9262
1261
2133
8056
9002
4293
7237
1006
5198
8325
2892
7224
6375
2543
9657
3697
6181
9258
4016
3270
8333
6371
3484
7276
5055
7872
4951
8951
1574
4909
9961
6043
6041
4150
3641
5385
228
6616
9862
4631
9199
9653
4903
4800
7070
9290
8791
9668
7147
5527
5742
595
4938
7176
4339
3506
378
1736
961
7951
3916
4011
6576
1529
8692
5460
2367
4816
6677
2296
2272
7785
2412
7644
497
2332
6399
4572
2155
5716
7233
3452
6046
7398
689
4034
3118
50
4795
3264
4923
553
5335
2112
2156
7615
8633
9666
1651
2875
2572
3149
6341
6687
8477
2585
637
4388
9032
1195
2461
9836
2645
253
4534
4378
3686
1139
6327
926
1216
6825
8487
3892
371
2559
7094
5470
2154
2508
8057
4391
6377
1121
3261
7379
2442
3122
6292
4511
1297
5079
6596
6733
677
7495
7244
9306
132
4231
251
9945
7840
2536
5667
7713
7831
141
8574
4106
1156
9852
9402
9211
3891
6232
4469
7315
8383
9161
3295
2120
2046
9890
2853
5699
3836
1689
9630
7519
6605
3860
4161
3650
383
1507
6960
9660
1583
6932
3330
7288
355
3266
81
4109
8429
1010
4669
1435
6745
254
6193
6738
5666
3838
3212
8232
2453
9256
3748
9310
9654
5815
4037
4199
4694
2989
5816
8793
2918
5490
8002
9970
9336
8312
2370
7836
2092
2293
3971
1843
1646
7140
7674
8132
4997
8788
1474
5519
7395
8001
2298
4031
4968
9679
5443
6038
35
9265
3097
1083
1218
4841
9752
1225
6837
9774
3204
4665
4804
1431
586
8752
8583
7506
6509
2920
9798
5293
6098
5208
4256
1676
9097
5006
4454
5349
9539
1122
1575
4658
623
8153
6913
2913
3903
9496
6454
669
3493
3437
5837
2723
6544
8120
6115
8604
5828
5647
7843
9849
2833
6396
4035
3426
5367
2606
7155
3286
2694
8856
797
1015
8115
1920
2925
3859
6353
6271
1506
6370
9960
9127
5603
6278
311
8605
7651
1080
1103
6905
149
2384
9055
3563
2333
2034
3217
6956
9845
7938
2557
5029
2838
9464
6623
7817
5710
3972
246
4840
968
1287
4281
445
4765
7824
5395
1101
8804
9832
6978
6023
1500
7940
3451
4364
3034
939
8181
9503
8366
3950
495
1376
4758
662
9868
7617
8898
4080
9873
8258
5740
7401
8211
6838
3625
9984
6195
6764
5589
674
8819
2711
2765
5110
2253
2256
3676
235
5855
9195
5584
4476
7110
6849
7330
7973
7631
7137
4107
4138
6534
9026
1699
687
6833
2581
9524
7428
680
7126
8899
848
2360
3305
8757
3924
7978
2766
9227
8278
2852
8421
8158
1120
7606
4122
356
1772
9219
5933
9891
9672
1229
4639
7003
913
6991
9841
7326
7922
314
2636
1944
6155
1350
3428
133
1479
6331
6531
7429
6304
4839
3074
6942
1762
1388
5759
5682
1045
3142
6405
8987
3966
6014
8283
4580
3668
6560
7598
1929
1403
9937
365
2177
6918
806
7567
4615
707
7910
5141
4867
7683
2437
4093
6595
923
3931
9348
5086
1645
3509
4163
5344
9417
2325
7655
3872
6114
7274
6818
7927
5850
9805
5286
8880
8213
173
3967
3575
6880
6688
1747
1385
6973
5316
3184
9047
6127
9595
