97939
30900
25098
9221
29894
46650
86593
48668
64635
60421
86053
18957
68406
51565
11722
74916
70155
13834
62526
46324
53724
41440
14230
38268
63085
32531
32251
65555
22510
63219
38086
36800
10471
79535
46021
40364
26184
32613
5383
7171
9385
7788
26127
94142
59352
54201
69057
45859
68034
31583
8534
38109
73022
39115
76376
52458
71645
8627
18013
94154
88197
56098
47306
98667
35632
93326
55382
78168
25938
77117
1690
51674
84904
44168
45815
44255
98368
14872
6465
82753
62806
14999
20861
35827
54113
97237
88284
25758
22215
22648
36263
26763
95097
83568
41782
47081
76893
13515
25248
19182
90631
26937
87207
91886
71104
33022
52493
85824
64245
58957
68576
27050
73955
5789
62876
44420
3025
67511
70177
41591
6511
6439
68353
1607
6359
26486
48687
99603
40001
90286
35137
30631
33574
22343
38869
21030
55364
91361
6853
19608
50317
91780
63009
40624
97568
42236
1395
16944
9747
71571
58534
32609
94361
43239
34215
17071
69724
99254
16674
9724
89539
51810
56707
39465
90504
95575
60494
45868
3287
83698
81827
69955
75477
44836
26930
89397
87071
28324
6340
13169
16246
81226
45777
26959
24464
96344
44029
10539
95597
77054
36615
1487
28863
9673
57303
35719
21599
17796
81586
24885
17845
79764
11191
93322
40951
38121
82718
28022
66444
5409
57542
82690
86634
19671
26000
27449
16014
70028
37988
27962
47082
90954
45800
92296
626
3103
28014
22224
37250
25951
63460
55095
5715
74650
64768
46665
12770
47485
91038
95566
69245
64932
94607
55879
84602
20606
83327
16967
6985
37666
44928
54066
28619
7079
62714
29244
10181
90727
67819
47431
33030
47630
2525
55096
22280
67292
18112
51401
31128
9150
63318
16724
74081
74276
72602
75034
94881
55929
92000
18218
9946
36927
72283
38565
44005
51348
84160
70538
58427
51979
17968
91456
99608
36844
62903
38239
20487
81014
5992
67966
90163
69309
84689
80595
43585
57291
55628
54817
29571
47627
73034
39516
905
61669
94432
61262
13016
78592
31799
71442
30570
66118
79249
46529
19313
42151
84768
39799
23165
90759
24116
29679
76419
8804
26626
20003
82446
98605
91172
28368
62584
64205
67884
63488
42225
62315
41101
55241
40906
89251
43034
87827
71720
38635
34356
91032
97137
35475
47182
36653
42585
71297
82684
19003
80101
9309
55358
78898
24265
62881
7266
86848
43437
91501
66688
85662
53815
7788
57254
11073
13391
16639
15251
85110
55273
49606
76142
68762
1432
23323
5414
44016
10972
88097
79371
7424
97405
51080
86321
21670
13960
93586
24869
57396
85086
91556
59409
55253
15696
16662
66325
29086
33301
97927
14195
4925
47533
6688
73686
65316
30011
95452
25684
57334
83548
5054
64757
97305
72485
51077
35326
2796
61015
60194
76543
46100
68102
35952
17704
83797
68965
380
29234
2265
98307
43428
23542
62191
50116
13579
27506
96478
9030
53189
53811
8930
74594
18567
22586
47078
85995
57911
49873
47009
34456
26416
9461
18909
78719
27164
19057
47683
27544
48290
66300
42202
91718
89841
4392
58185
19771
31897
71014
45153
85086
24824
54082
59679
59742
93019
23109
62088
67281
89333
9097
18088
15748
34909
36997
10818
62072
56053
58501
5967
20695
24800
48168
28764
30992
52559
86948
50762
808
74313
12266
2245
99136
66347
61923
75229
75717
1383
37316
42997
90716
62764
61085
22815
97672
98081
33633
76096
70485
92133
98414
91179
33284
62934
36294
64275
31844
39593
31388
32651
13905
43654
34895
29392
26352
13170
4620
2069
14552
58288
45065
5267
37403
22501
28082
51427
36933
78066
43874
7418
70198
42287
14948
19833
21572
67594
84107
53416
7186
31846
2418
21091
75499
53665
50482
18203
83186
55102
20271
14089
29741
81687
35708
67143
4188
80141
18569
41120
58206
62442
64889
44755
21081
96189
64587
42652
63782
65045
12419
70967
96890
31189
92057
88741
84853
42539
6943
84390
13992
43565
98478
43732
41603
34185
27226
45790
14325
62147
3262
72530
24588
84502
33636
45668
80690
98222
4672
60823
63266
17090
48142
60156
64630
40198
48896
49482
99088
72190
33871
29431
15754
48701
89514
73708
82885
16740
19498
13562
78886
39111
2443
19825
23612
36079
81845
20654
34300
86516
97828
13918
19957
45969
74073
84587
2519
39320
50420
1606
11509
643
47389
43614
65695
36902
17321
64931
69993
53170
78492
65230
8632
97287
85055
48596
33365
83251
69249
84016
86118
83428
14285
22426
29397
88357
23364
31915
44028
73784
49872
71888
90778
97260
31853
56472
50514
65526
21402
20506
18695
16246
85736
43679
13532
87142
92274
63248
86744
77874
63615
72861
61301
77900
95286
90697
82608
18650
38963
26636
8785
88835
98523
15914
2446
46728
72385
52959
12253
10138
89817
30947
26383
91904
90977
56266
79045
83250
19513
82140
61123
99480
55000
22424
77379
66637
29472
59986
1638
68435
2973
10422
73621
17848
26335
76066
64575
15071
45377
76827
41561
35193
24125
67943
27096
15102
40561
22492
14703
60073
4631
75826
75904
75982
14601
53282
42618
60424
29620
44256
45210
48944
71029
18830
66791
13716
11248
31365
28786
56624
24543
70346
8168
65020
54641
35263
80121
95201
74106
11175
71625
78736
87000
47529
54717
17952
17162
13686
78376
46781
57941
23585
95725
45322
58767
78867
59037
86366
26584
4174
59341
51126
90872
67508
32497
61864
19122
28969
73416
93227
40144
45040
71962
27143
8920
43030
61447
26082
73067
56174
89214
47360
79758
1290
92681
54876
80157
68069
41241
6740
72242
581
74217
79465
68088
6714
41328
87209
35682
14743
96787
75825
76135
85100
19320
85054
28129
97118
11135
1196
53291
16701
64907
49400
17990
57587
4276
98146
25655
61868
21237
14248
62449
11806
93713
46888
18519
35040
50449
70552
66135
47235
62729
42269
32335
98400
27322
76815
95517
38457
94362
65159
55157
59268
14558
89498
16854
18833
87644
58860
80701
25232
73108
59501
37037
66820
6388
71907
18211
73188
58811
84345
20423
37891
26613
69109
36290
53935
45923
48158
8743
40285
13316
80251
99552
27873
69748
32758
63058
73743
91617
60110
15327
81076
35962
52363
47895
58701
40622
82458
31889
99432
66802
68663
37322
93415
37771
89963
63701
83693
38120
72443
40329
67787
69045
56233
12011
38792
5342
75068
28887
13310
51529
44213
94386
87490
96575
58632
46191
53548
41089
94431
69331
7891
63093
23004
17657
863
12966
81357
907
67437
53799
57588
35223
22843
13820
47234
77986
35513
38653
6872
48822
6534
51084
43207
94023
64011
1839
56565
33910
59279
50995
3241
67169
14087
26244
84825
31301
39210
66181
32208
22998
36331
89795
58221
75525
19966
21806
53511
55478
76810
76734
20651
83343
44170
63858
93718
8180
82048
66634
42089
41326
17629
61681
24847
48067
87925
26023
95720
43486
92204
27927
66483
44886
34073
41055
20411
70390
79212
90273
42219
56022
67006
62869
39364
11175
43078
49433
35706
25125
16067
94147
82803
50047
55827
24001
98113
60103
50023
10184
3588
42226
38110
86423
3464
88534
27477
23874
75275
6689
30498
17493
79062
97503
80362
34777
25030
39791
84210
77087
81268
276
71233
64070
66674
43412
4422
81138
3514
54444
91322
23454
13022
45783
9876
16485
50669
53704
56710
25943
76744
87207
59788
72157
1061
40149
6934
42442
96291
91143
19529
77558
7770
7113
57979
90795
50524
62400
71932
70390
16844
63253
93843
29865
25388
20070
62701
76056
90125
19410
1998
83221
22968
61785
55377
24028
18285
78662
66470
14576
86156
2350
8485
93925
9462
66464
84719
76338
28863
73003
46727
62058
52607
56921
8274
77994
93342
70974
54049
99818
6735
56047
99390
29702
34183
71119
70082
68820
49780
52903
83395
35936
55252
91879
46212
81065
74694
30931
57402
3557
20285
20480
81966
72891
93752
90240
50885
87093
61213
4933
3263
84300
77331
2652
30353
27866
73770
434
96685
23550
53336
96431
75837
24939
4661
22048
6004
79355
69330
79757
99263
89614
237
81228
62505
10340
71467
29741
13785
49032
34673
17047
49683
28356
36050
80035
56221
26172
80469
52905
66073
50156
49335
41909
91447
53995
63956
13802
49701
33286
93558
48963
39251
10146
30191
1755
20486
18009
47847
50622
83392
82520
67668
33074
27227
20069
13109
83447
46240
9929
52703
12312
76436
18389
70572
67882
88735
34528
81683
38436
84165
91593
87398
23415
1738
33940
41522
38575
68301
89368
89196
51692
88239
73215
1118
15465
9636
30578
15263
55875
40506
84317
84539
33293
2705
71462
1175
91440
5989
99209
46227
6505
90801
49976
29920
8891
83916
71441
63817
68568
60808
69365
20259
65399
58931
37728
80863
68566
68305
12478
40793
8810
96794
41683
42103
99499
13144
59629
7290
35485
75189
53516
41989
65990
19843
88260
91232
3758
76052
55048
72325
53212
40764
8936
18610
99695
46663
99472
68260
14968
11949
25404
40129
25095
67086
98583
40945
96582
74563
48234
32066
49752
18101
90406
32093
37943
78666
23324
58053
54717
94723
46729
7928
35487
72016
26537
35181
35031
42361
19792
49998
70661
61548
6478
95755
28633
21413
36699
25214
95975
1284
73631
62078
35736
64037
94170
90031
42702
17493
48083
97418
28568
11163
5346
64054
83179
48234
15586
18209
90594
51729
84558
61255
13276
7387
57009
58261
28799
10060
99826
41126
27695
73457
19555
63431
37493
13725
53461
96546
47569
17895
93963
76136
29057
15660
56541
28587
63894
72126
63147
70839
40207
47704
32093
69834
71443
5454
28094
241
31865
27920
57718
59559
17728
77273
22989
55220
7349
92801
51765
54917
10695
62079
47405
39752
94091
3945
84690
74336
92423
47837
45174
32629
95540
93619
18814
83334
15424
46908
99927
47288
91179
57644
23198
8906
51268
62539
80477
58616
55339
48593
29885
66034
27023
77289
22137
21113
81233
6826
95448
90007
54662
56974
38987
66554
50592
57801
49887
66015
4708
49813
29654
12238
23809
52851
37495
91428
31741
34323
50044
87080
82915
79928
53113
9937
57216
91601
47402
54800
98426
59201
44807
69440
16174
83793
52345
66765
57945
2231
49131
79004
68396
95136
91241
8556
64339
28735
99983
96079
79409
66378
83158
62323
46305
52622
88612
19872
44222
52365
91024
42648
11565
52182
12087
27739
52326
80783
10855
10271
83013
59986
89274
67760
71473
80515
92667
35811
25601
92650
31890
5010
75379
31399
83684
38036
84021
88647
74259
28242
41011
65282
87241
52576
17463
15679
80314
69789
96461
7520
96411
95826
83857
85684
63585
55330
82550
72604
91140
24503
65253
39381
45864
56983
70780
29547
95018
71152
18194
69277
99393
75556
34558
86634
28131
68373
18664
24796
54513
15125
32316
50923
10950
32524
52958
90886
87853
35508
63489
95345
60010
45093
34725
5873
2076
21856
51771
97093
93007
69964
66369
8752
61872
17279
11737
90002
85651
30400
31150
56515
45524
79817
23789
72825
12340
76746
63711
193
12253
27199
11889
72262
72292
62965
94486
90719
1173
46257
87811
94179
32572
70532
19282
94443
87810
47370
797
89812
77770
31946
46326
39645
28114
86466
12470
40453
63211
76180
56997
75464
19730
68885
64077
8373
31850
74915
99091
33022
21171
86902
43552
70094
73785
79186
64537
61594
26555
65333
67757
20676
13630
30434
60321
41743
16899
72790
98547
80109
65321
55544
55572
1402
40780
36001
9775
88981
10915
8865
38354
48437
12118
98258
18530
85902
77443
99418
63847
20349
81102
31603
41025
94731
62036
1345
52825
78934
90486
51372
59043
72158
6915
30966
73559
47694
83318
83333
36675
10584
8550
91380
59020
20667
89637
77550
22921
67079
93319
86767
87428
74421
34722
44804
69151
13109
46148
21976
92043
52985
89699
67437
25142
96613
14754
98700
60658
14424
98385
13684
25007
6934
5064
84027
43952
94700
77928
66872
78131
71246
69991
81910
45666
21064
26713
31169
34172
72860
69496
42566
42196
59194
26354
67337
72158
57460
82388
32815
71883
80772
62851
96889
4057
84266
97267
48009
95317
91546
31232
73447
79144
17574
55356
41161
38637
98420
72329
72809
71279
41824
31726
29826
17369
58080
97162
89526
15539
95902
38693
87421
76673
17895
661
97082
2160
14280
45090
97476
5825
76321
87275
84968
93895
58982
26129
48883
57402
14809
38043
45032
72985
69769
74858
90353
27848
88371
79879
43386
84272
34923
47158
77297
52817
64170
74378
54976
78449
35819
68803
84274
28491
72429
85593
38737
31411
11721
87620
5164
42882
25662
50195
15866
95430
25052
6218
39629
29775
2448
99366
14046
37370
46523
91342
6538
10693
82071
77865
89141
17889
46668
89766
46380
35448
75359
85116
66858
3431
89087
88373
46312
14749
38568
62177
26530
79971
84747
66159
9745
87194
65524
40143
40916
28399
47836
47453
39091
29907
25318
44583
64147
88337
34349
26878
23784
26059
28346
6994
29489
17432
95366
75801
48532
50285
54329
75062
30256
55427
57572
56352
58973
23095
96494
99888
51493
44330
63692
6935
90588
5361
67870
54734
93697
18570
81612
33833
44628
26309
40826
90468
43740
52543
82620
8624
2828
36949
83685
49435
8727
57608
5786
67699
80702
2280
67586
48547
62961
47630
71833
53548
52990
56054
24633
63039
74623
22596
96871
35602
48904
54048
26070
8996
22942
8689
17619
25769
61989
1303
75203
70716
75262
97341
54766
72315
15972
22352
20861
78932
86333
9046
48831
39322
65099
73463
18712
56074
12411
31934
91675
61314
85981
17744
70309
25275
42785
87927
51043
21125
5581
42598
8192
80842
39938
62958
53157
55909
1661
90369
51192
87993
15766
22
43666
80865
89836
62378
36938
2246
94311
44964
63560
96644
79060
50220
21918
21844
38147
89312
59320
60079
48261
67512
57273
4550
30469
10429
76810
32129
17149
28001
20121
32915
44374
80138
30131
34210
58867
67068
52807
69530
28383
32718
66173
7442
82938
4442
45637
37436
10105
4957
97514
74718
72468
71138
79267
19288
97918
72429
51416
15067
429
87888
47981
61155
68025
94463
11716
26892
77882
64522
96421
6264
97240
78945
13706
96529
99738
75694
33964
26194
80650
47829
911
69469
18967
96530
88756
16884
68958
40171
48302
85738
44410
12634
46892
12435
7096
58607
55678
84977
39481
68450
91241
53072
47394
21298
49600
63483
96991
99915
6028
77641
47743
6939
63461
83061
19820
52217
16297
88777
8739
64598
74514
53149
77232
37758
65583
84327
12716
37612
85656
52196
6061
76896
21619
69806
98193
71218
33288
11535
71132
39315
5527
35227
62605
68988
34639
82424
21204
50935
87552
29942
31885
78418
83090
25468
16175
65024
9794
45242
2635
11801
13790
8695
88696
35408
94852
3240
22978
44491
14775
94109
83806
20301
45687
62762
89288
96678
61538
26843
47612
49089
56785
95848
27506
56226
21315
60032
37602
47461
21626
40236
59261
35415
65283
47957
70822
76486
67548
93799
20977
82322
4260
4782
18975
66298
83895
24614
62975
45432
51457
10587
10873
24593
22786
54730
80818
44101
14762
34771
91561
36387
75007
50821
88153
56641
15129
58974
33126
82677
69125
54102
81350
73384
75235
324
39681
75482
24938
2656
20913
92746
29594
31785
17338
68731
2867
14507
12831
17628
49278
4391
70366
40636
71564
58518
13628
86692
33843
46753
69368
2967
17207
67070
92702
8793
67393
48735
84274
8682
67742
21539
1427
13687
53323
35116
82417
56189
49623
95248
90168
98900
15990
76885
55887
87553
51754
69514
90597
1949
16266
59964
4915
49824
43385
13969
58617
27130
62703
59242
35811
30444
80780
53590
44130
50455
88705
26546
22995
54679
21793
29515
53578
54135
6399
9464
41687
74505
95329
32283
76453
27947
8599
97719
77770
51983
11687
52738
79112
74389
11980
31275
21184
92759
1216
65313
43213
89920
91859
82560
44599
30003
12074
14528
84137
18472
40344
42176
9328
35672
90810
85780
63618
99408
99851
57740
67743
11537
10477
63206
2278
38808
94480
23461
47919
95695
5126
7483
1967
13336
90042
62917
43338
2115
77444
43827
36939
34139
2354
62618
86163
93163
48398
49780
8923
64600
23871
76665
76136
50700
56222
94765
89507
50702
18226
37425
62748
39703
61260
81066
53038
51301
43982
12727
69768
37778
56553
23058
71916
75258
85675
58078
68421
50424
24210
77343
15023
48080
70359
7511
98779
26580
2275
4638
93633
36852
58414
72733
76554
19673
53798
29591
87326
14132
42318
73445
51909
15222
96502
40176
90480
82176
98254
75252
48952
38815
68946
63974
86894
55656
71484
2025
82235
90111
6662
92220
43314
81427
64952
19868
1100
35101
65810
4777
49232
24479
78221
17492
39701
91074
57668
46532
89601
72273
38135
38552
11087
7080
18878
14332
79087
6713
32708
77673
96823
55721
69892
40137
37148
51195
76356
54599
86296
42165
75727
51879
66644
70299
85723
22696
61372
43390
85579
50972
32014
23713
5876
59452
47144
24753
73783
26230
31465
22843
3902
44640
78563
90146
1128
32062
41340
77483
3012
43987
35999
78738
12218
18994
49036
97940
58041
10407
41329
43619
77731
73342
67331
83606
32793
30826
24710
22927
57055
72526
62121
77309
17165
57036
67454
34644
89097
25145
28478
92109
69132
80829
87198
81349
99822
52586
79288
57863
79344
36968
17833
57074
26661
85164
57031
75805
32341
81740
15083
89396
70618
77204
83056
4134
34239
66861
38778
39687
92005
67255
48147
77488
48083
35345
58836
64257
87930
54475
38471
67273
7794
56303
40699
34454
57818
97729
26610
90159
95821
41693
95906
82790
18896
78961
86923
69486
62173
25700
9172
54177
9307
57319
31665
57389
92663
6852
37997
96944
77679
76467
80568
1824
32770
21266
36278
6939
35347
62887
97097
47519
20931
9354
30308
39826
4666
17230
9311
66838
42930
18483
37367
68588
92153
69031
42328
84815
92234
80325
98110
86264
56791
78677
88088
5912
16295
40717
29203
51641
19955
26299
15511
40886
35653
45818
97063
56670
79399
6374
23508
38680
41208
60874
7267
33360
46256
49595
34526
38489
29919
32635
41105
3061
27663
29192
25325
43957
69908
54527
11949
89862
97177
27459
47099
49181
73276
44162
5851
69027
50535
29358
7706
8094
90231
14973
57805
52838
80919
8682
7678
27189
57668
48782
30249
85330
94325
71925
45639
80584
26451
57587
86798
23628
85046
33896
72808
74673
78057
95010
43699
44943
24367
67757
69388
30949
99081
27192
83786
79999
52225
91464
7187
9892
56597
53787
11574
50922
25712
57212
31505
68514
14798
34654
8493
99843
68550
97653
90868
46606
92662
34566
91549
17029
18674
77288
64329
17754
4480
64467
97752
73056
72282
21290
82948
28878
75077
94521
96151
17140
68084
44008
2005
82881
78661
10498
99076
47210
8150
6295
10168
17163
57212
18068
50543
75886
95355
14872
93639
16186
79338
7743
89242
67971
29032
88541
96848
20460
99413
9351
53951
67496
53358
55956
66728
48370
82805
82155
95580
7306
88449
22099
24468
45661
40166
75011
21546
35520
6234
31536
68058
1923
39278
57299
69893
84662
45839
83092
5121
45251
92442
75424
12746
62151
31379
95825
10521
30535
77980
22452
37840
66428
44550
62307
28440
1067
53669
66337
52938
59902
97873
20995
61824
53502
78293
48068
38163
24131
31160
59636
85733
23601
35059
14830
2104
82789
10655
12624
13323
88634
51427
51162
71413
95976
29820
16205
97042
83489
98893
49979
43390
96765
87326
21566
66619
65618
69633
21133
6101
792
80768
91833
40745
32178
23015
59200
14966
33669
71823
44640
38654
23249
95801
26418
35576
25621
42622
48969
25461
41515
15299
68850
54631
2624
6767
37601
84594
76400
58734
90694
93543
39501
98878
50639
71679
21892
9838
2996
71912
98012
47636
10565
37612
59788
36983
89539
1760
95956
54859
27220
53822
70158
96070
24805
89133
19188
62405
73726
95587
21138
80771
5482
76991
79649
72472
65021
17892
98662
68016
89804
13025
32003
16720
50637
91791
70054
56527
93550
66010
11386
20770
36183
81543
33191
60987
87027
52378
39744
60753
64317
60881
57875
86150
54223
53875
58621
19243
71767
57282
87259
77922
70307
35613
94641
37295
27403
64695
93821
37305
47056
21558
58074
99590
19452
91264
76929
6479
59993
16672
83583
24309
93904
41457
10458
48127
95332
85431
67369
83450
59064
70979
61371
45722
6592
72363
83016
50346
53409
93189
87650
464
14746
62075
16406
50550
69690
93334
57028
29683
10005
56962
70343
3908
98418
97153
52034
10101
82583
35755
9902
41646
23085
71272
87368
29676
43635
86735
96374
97043
96275
84023
13859
27373
46098
30264
77922
15787
23597
51301
61821
49953
8262
32164
70212
23031
29316
38598
33132
11898
74352
43033
69895
97436
30657
73614
43464
90643
60349
39837
4037
56623
40211
34247
347
86308
80862
78268
18447
4458
29568
80267
70762
37829
12430
40974
60860
58097
79571
10343
86346
70274
69727
56241
67709
16735
29854
27524
7377
6554
67360
27766
79529
23923
62012
79875
10230
42874
58143
45028
63683
4062
25295
50797
58243
54076
91770
35454
28525
71340
62148
14870
41613
31874
71110
25673
64961
17316
53197
88689
23869
36908
16454
3397
77182
94818
99624
87412
54043
74118
48791
34077
78179
90437
84873
52773
60865
76642
88226
89389
64333
50373
4258
22297
98599
91720
47970
63559
9035
17518
52247
49255
70777
85053
52652
47959
96222
68627
51722
50264
42744
512
84340
20922
7301
69213
73695
68165
62206
78272
57553
26539
28645
78162
48835
43595
86233
13156
23505
95267
47025
75751
60874
17802
77155
29877
82112
73376
98503
33833
23639
41246
50696
24331
78519
74348
93543
68565
42512
72100
46837
16416
98638
91833
10930
63825
51779
97162
93332
75283
8781
40357
67385
69654
74510
44540
99530
56621
17915
98032
6805
57906
55629
73852
98588
34147
48200
92130
2712
7063
64229
65900
39831
79219
74084
50760
59395
25862
64273
52726
1144
73053
93082
68528
42706
67591
29419
58587
40563
63686
72970
63719
37943
28598
53923
36530
62745
2122
28659
81808
25536
9239
64059
65366
4809
38142
32477
64203
80355
96750
16929
81498
86154
26362
66377
45212
10305
12148
3798
67219
75833
76768
30938
13775
5365
84860
50304
84461
3333
95314
82620
28868
20904
46678
10586
25713
1171
43062
6267
81525
56163
39547
79374
42317
65909
45751
3880
76213
57898
7677
43431
50082
796
90720
63856
22513
75579
30511
6973
95263
25824
89593
40483
46727
52622
51068
88791
53793
10481
11410
35317
82996
50956
14691
25312
16864
76793
29191
9428
51042
53219
52859
1123
54015
59930
81330
92879
51861
11840
99851
47123
37663
5795
87605
741
58417
38672
5884
12209
65505
17293
63877
48500
68248
78567
90163
85112
71711
35705
10891
22752
88923
80101
40226
59289
40031
21555
52167
91891
33394
68370
39013
87408
74164
42970
88149
48932
81641
10384
77492
63497
27676
41369
11996
12275
36287
2158
13738
24350
37862
24629
47101
43137
4729
87327
18777
44759
25233
70944
53001
58627
39313
92014
46034
29828
34983
50534
78760
32975
60917
72603
96472
4944
13971
24819
17219
66610
43329
30956
90959
97542
71936
54411
40678
76665
58089
59455
37775
83322
46750
90776
41948
2414
82789
4333
32241
34123
71219
27352
83449
48487
99955
79920
53431
30277
21091
87001
13238
64419
34308
20548
61960
6244
74959
18990
82908
33047
94796
20682
32720
41545
11457
91019
43958
10597
95352
92550
61071
66570
19902
44520
31408
36208
40791
84838
66484
61881
88190
96074
42651
22498
16621
20963
45093
91579
56304
44352
40978
51099
65033
73697
8995
92842
64716
69304
19790
76419
61853
80861
59340
98106
41732
90747
34313
82522
91937
17149
60755
80126
13222
3405
18975
29842
40719
64067
37773
97022
8418
78750
48120
89803
68798
73466
98996
49865
59121
35137
26283
20974
15997
1974
35431
57728
92721
86096
56602
1009
19596
17356
97486
32817
37112
16461
79010
77831
96879
16782
74852
21649
11883
39324
27803
97033
29141
43150
46897
88262
78286
89532
25587
94283
91505
61017
68362
577
63464
41315
1585
83059
58670
99071
32227
12134
31883
27589
89964
45113
60722
81167
83113
72605
36842
10915
69637
65983
54064
32885
70596
32350
22416
96182
42984
30273
73550
27697
30849
53366
69012
48786
36424
44033
64208
85003
56166
96090
12591
62481
57554
73312
60000
40667
62268
96841
67933
48256
79175
21997
81141
66122
70698
19908
62303
30033
50180
52205
74081
97381
5570
59444
46166
58345
3477
10373
43347
75994
6462
72289
54827
80367
45601
14826
21033
24220
28018
88966
72476
23545
27314
69968
89666
14363
6227
51969
60747
56407
20525
34827
53787
26094
94271
16304
790
14099
26676
44137
90092
49489
16425
44918
29855
78377
76095
67240
2597
4113
72557
91424
44009
16222
77743
33674
30584
321
1994
7682
73079
22518
42508
26865
64963
53130
59520
65753
67228
86195
26241
73672
35683
42665
34941
81890
37394
11036
49129
39990
31500
38037
47765
75508
54258
41859
9181
1193
42179
27527
8874
15258
50044
67733
58474
31359
20863
17994
97111
88090
4188
23351
78113
56223
82367
13054
38112
19760
24089
3592
76101
71940
41628
40217
63799
12237
82075
89331
13429
24254
16857
22302
55863
83253
90034
14336
14611
27248
32329
28073
31690
52869
67775
9802
25443
50141
22855
79906
86253
63295
99849
62353
51586
41476
2570
15384
53712
996
4715
83492
41601
21571
5793
97463
4823
12178
11799
35785
39426
60479
63857
87467
29699
31631
97268
55141
98124
36475
35046
84376
99769
34894
63080
51355
92721
82001
83090
62784
99349
87804
46275
40949
25727
68419
38412
30549
96949
50210
82686
52726
27040
46542
40192
56739
94525
37459
28231
9000
73933
79629
9727
90054
30874
72806
57760
23595
71159
40849
2730
70507
45005
65357
11455
70731
33775
66218
17631
30723
32779
316
83448
59819
63210
39991
32909
74086
77450
61139
83085
67734
40767
92811
74139
71641
81968
48250
11587
69478
5451
14316
39984
50455
79672
67791
37537
29799
34008
71519
76873
83139
71835
76673
42957
51396
16663
75865
25481
10464
37003
24917
94550
94122
34079
85040
65762
16046
33290
77348
85524
55092
8015
41859
21898
4039
26001
59434
33837
76361
30952
27061
59499
19138
3733
2455
70533
36748
94671
12365
47211
48025
37281
41760
42146
87711
26800
7907
3757
76441
1606
5632
31532
25973
63842
69781
30011
6195
29214
80199
82555
76517
23611
42053
12007
27344
60859
98891
64091
71881
11256
27653
19905
64888
85765
78403
52599
12564
2661
72707
5356
4267
94690
53239
46591
58531
23019
92953
64725
68584
73151
63631
61452
13113
22035
73458
40456
99245
72349
20898
71125
99956
48551
7382
81195
34315
85784
50145
63230
88444
39203
84937
92710
33892
38175
55652
8775
77545
48604
89851
62480
38106
69834
23931
51219
91868
97389
91674
91113
86089
28924
78589
2396
93826
85970
83590
28140
71753
50087
7721
60197
89289
92657
69258
39533
47183
24910
64659
41079
73513
54509
3558
11619
24342
27488
62837
32562
41228
70862
23674
43668
16137
2262
46063
9962
88232
46005
38101
76336
12443
62173
36532
18083
71181
5790
57615
34715
47051
38625
75793
20563
93134
95702
48533
33827
39542
27721
82740
97121
98583
6413
40789
14719
25027
3203
41033
29610
65559
79133
5945
94353
57658
58829
12436
45190
64618
86402
79905
28020
25027
72049
48582
34512
67751
97115
84690
7292
41187
67430
20764
39769
90194
61552
70840
15220
81107
11872
61181
46665
7356
83478
41018
81365
42306
69805
26555
23275
56206
6459
51294
81232
78507
16227
32095
62609
29693
16785
86252
70880
84214
7016
27000
74407
68567
97839
5979
66025
26062
67159
29042
49770
66988
86411
31134
9293
56215
57688
48919
28772
64146
16564
26356
59005
32791
58450
21613
62483
75234
7865
49714
59447
31232
76714
50206
16150
74552
56184
82175
16966
23342
11216
66735
90330
97626
97868
15974
70192
55556
81245
98963
36053
97808
25318
11409
30598
83768
49374
9433
75353
73590
59146
51152
4821
35859
1357
20970
26763
57540
3144
43728
97233
30711
26814
3914
44688
24681
36240
14879
96588
17484
30194
32641
15291
71863
60401
62241
55630
9774
88025
47335
83363
63522
98486
88183
15733
99842
25505
58847
57381
45000
18926
70965
75711
45739
74879
36750
70419
11118
51629
67007
44953
98174
15999
76595
70036
76399
38835
42018
2525
43211
89352
85887
6733
87837
90422
38817
87678
32278
97663
61410
77277
16588
32374
52987
62326
23604
6089
49096
51073
57717
16102
96025
72242
48452
72620
42277
41203
27806
646
43727
71017
89997
45965
94101
94185
36386
49269
81862
85015
46931
59623
62292
79870
8349
31630
42195
31952
37718
91290
83025
11786
23744
95401
84027
88547
68020
42656
29749
12178
43301
73475
99546
49650
19440
93646
43834
72177
59266
25696
57192
6196
1670
19483
86065
10018
67464
44611
41970
5182
52252
41346
16967
92347
53098
17346
80894
21118
60001
10642
49647
19653
84117
49192
69302
19908
59189
13136
92084
18454
55183
49275
24649
56852
85109
27065
66870
52573
88027
25191
74106
40278
82888
7424
32625
35985
24769
29870
73454
1121
40511
23100
20774
40979
88643
6427
60886
47831
19562
52970
66284
74744
18596
7284
47948
20057
50700
31169
72629
38726
72711
63086
95356
55598
70509
44332
7934
11630
74201
97740
12750
14711
37191
49875
55690
25834
56302
32927
73664
92215
85896
56300
83311
20844
79935
31258
40900
30635
78778
29880
85712
51488
92965
97419
23437
63473
41750
31370
75102
32302
29109
4204
47013
66300
54078
19054
8485
26731
68332
98500
18946
54228
54799
18608
91423
51086
49865
32322
98072
44994
78553
83783
96481
71517
81202
19917
51341
39303
67638
42795
71605
13099
46998
34969
95750
17427
70374
4234
60510
38705
2733
95807
9284
73884
14414
706
24969
80630
49379
23040
25623
27931
23174
22103
15799
4375
58371
67140
60030
26008
26286
31634
55458
89635
82954
51207
7061
69679
55440
83922
8383
58173
79728
34019
48408
94141
51076
73376
74770
455
96415
16744
44737
19588
38846
76888
40315
13568
44027
344
55928
86664
48329
11385
76298
47634
62592
99710
17312
34383
83632
42046
92555
63359
76064
40962
57500
27140
30689
48621
43946
27103
65365
5034
63043
20562
81921
19709
34130
42299
36404
6409
28962
1084
34145
21611
48717
96736
21321
82380
31119
4952
24425
40025
84662
16841
97339
42161
43980
44379
7134
4277
87834
72498
25662
50876
9411
7583
70584
59892
66233
23339
66300
95195
24422
445
33157
89490
13532
54477
71869
61002
75780
96293
1027
60442
13133
14717
18954
73464
59095
26087
94092
46928
14936
19754
14155
24347
43688
1090
84238
9920
24428
66890
21466
65201
83686
54623
54690
97217
9099
26558
58219
84879
39203
75597
45320
68687
6665
64273
58503
82111
6712
52594
45391
21647
88699
59545
62345
32386
76987
62935
42306
17766
29824
63771
82967
29861
18393
37656
27077
43844
80566
1647
28722
19768
93595
90393
4806
259
71017
79660
98722
94080
48606
44112
32079
37304
20008
94423
86042
96994
57357
44699
14760
3532
8469
14078
33392
43214
51733
76821
3409
48650
94819
48482
84769
88414
38874
89575
5024
26242
69234
3745
20322
17839
64208
52400
71495
84216
63174
57536
97561
36883
2234
28672
56766
27054
42749
90158
86619
10834
83330
90027
59483
78148
38508
44252
66561
93733
50178
87937
36327
35763
91681
73000
69954
72241
41751
41448
72808
4924
15335
70368
58158
17568
15392
14924
60973
58140
21433
47592
85325
4762
53970
44808
82909
8830
5411
65822
2562
71940
70110
55240
7702
61790
28239
94007
50382
69989
35454
23189
91265
50788
9909
49422
84707
25300
64345
62032
83439
2129
25975
68764
6890
79944
29923
6151
88773
51685
88324
7687
23624
58433
79278
47677
36574
7517
41684
86956
93857
93489
26496
1473
60629
36404
50895
45335
61703
31591
23718
61494
33720
49692
46609
56961
29636
76531
79463
34760
44567
67786
58798
68190
26218
38076
15866
62792
61944
73901
66099
72152
67390
92594
73625
28018
28998
40871
89704
7052
88813
13422
68545
38884
79465
15153
95845
9100
8035
75307
60212
52601
59445
35361
20790
85662
73436
53008
64805
51731
43260
47255
23883
10649
56201
13859
55018
1550
54729
44722
8601
43541
74495
77146
98777
53959
92298
10973
79411
333
86279
39622
52933
62075
91334
90075
64089
81122
59434
45245
32852
2693
92500
73086
29694
48700
86944
84711
50249
41672
29432
58849
1565
3926
52346
341
74237
60996
27665
53647
61328
13943
9620
30612
92370
953
37038
56458
82074
12823
1702
14926
15516
94201
88011
45209
59252
91307
46271
25852
32978
75703
1053
50894
95980
53398
67586
70216
14393
95250
23862
92072
25545
49833
39036
17914
50786
92425
90723
32859
5248
92424
64136
37115
2977
68499
98675
62228
76157
44945
4432
9134
20647
5484
76380
32979
75233
60317
19546
5978
55567
43408
14401
97463
9592
69788
31728
60377
78565
22450
9588
83812
14873
90075
37278
17849
74925
35952
96429
51081
80896
17212
76567
17895
22695
52946
67225
14279
13262
86770
36608
85180
30177
51009
98994
39769
37148
30721
16497
15712
53170
42436
15875
68043
32511
53152
2243
7435
89103
15023
58516
86351
32234
51434
4245
71280
4379
71469
85559
33992
74590
38518
35524
21119
89526
34517
60887
43026
65238
93735
58737
34759
36171
74612
2801
68681
27763
21396
92467
33218
36418
67334
19568
68652
18767
40164
56283
39497
27984
41841
89841
2573
80359
25364
23691
86236
76232
929
29261
41469
94664
4350
92580
47186
78961
95380
32218
23075
33127
24684
56292
69545
8370
75859
54548
27136
32374
10830
82985
60357
69023
72825
62930
65733
98188
2972
68320
74419
3901
13933
32240
14916
18282
24819
62101
13594
36550
94318
53020
69677
35353
9312
55573
43722
1522
26472
87210
33896
37301
70194
10604
22675
43018
89885
4759
57557
92857
73079
48327
96757
87011
96918
11672
21644
21736
73772
51589
74638
84441
4608
60666
19793
13919
16238
79867
31793
42709
67076
82040
96361
53621
92643
35388
96638
82528
40146
70546
75384
13224
18872
72140
16586
15790
163
54581
53877
90286
6169
28514
74726
10777
5531
10870
41047
38120
90736
89191
97180
74163
71230
9893
27783
63873
45280
40772
62752
85425
11317
38135
98649
46541
26626
31586
62330
43140
86167
16206
33425
8687
61072
8150
19463
82954
35371
76862
21074
26107
66052
18253
16621
37282
44497
60756
17506
89776
17879
80257
75201
45548
34743
90201
92088
77720
38138
54417
20859
24304
86974
70635
49343
64397
95136
68805
47351
30506
62018
84776
72964
44422
19380
89585
81703
63877
66692
15560
53652
84570
12168
45204
30117
46910
35404
38556
40981
73542
9324
78191
14197
96298
48825
63539
77046
43960
48696
24396
74465
10713
25523
47429
71486
44903
53365
69540
8779
20056
85099
78782
20977
97266
23986
51094
60527
59389
6001
17859
49282
15325
96049
63479
27974
44873
43369
5019
5184
92064
45767
79649
19129
71289
43429
90614
16191
96793
60154
41321
33200
61604
20103
54176
75222
44088
21621
52100
19828
27622
69959
69110
59298
82359
48940
87271
43584
92308
92289
48767
724
54407
44767
36204
25696
88195
43169
58238
1339
19674
99559
34538
81278
36013
5066
72851
80100
43038
24950
99927
70659
94908
85388
46308
93619
50679
33578
37202
59339
42219
85968
60062
96625
30735
12617
22320
35281
55785
96910
36620
75459
96468
87509
73088
48832
92574
45938
28931
35612
70887
45209
22622
82147
46949
68930
75765
97627
2507
12966
56965
44725
15285
33378
41350
62371
45994
80021
97652
18131
76930
34271
93589
89749
21779
83028
38580
30705
28965
83862
66316
16203
29071
5289
98349
92371
74218
90465
89997
93077
19782
63314
54153
35067
13043
11854
97437
59037
91875
95088
77167
85156
45710
87107
74905
83841
70134
29836
14545
99098
13698
80860
15300
59120
2500
30001
51490
76718
36817
57838
86146
56599
21151
56650
8017
34194
68504
21805
9582
76730
33245
3100
61885
78954
90206
53141
62794
60339
99329
77338
75788
13026
74549
7439
72145
77049
53791
39986
70118
90608
97823
72615
47206
35326
29264
71574
85871
97767
93378
95452
90848
26622
14903
69085
21928
5108
38577
84721
81798
37905
78411
73937
50930
69311
97727
39426
62711
51518
79411
32828
42125
77234
21794
5682
28911
51058
77255
14781
65176
86984
26584
56024
29958
41486
41460
51885
62945
80036
52957
61094
17941
31367
35030
68870
17030
49108
24648
79740
625
4058
28920
59101
97643
50713
64782
26553
18122
58388
57685
83298
61724
620
55673
91681
42105
97132
43565
21401
93519
12873
98846
11459
44240
50227
96681
61269
99335
21328
57360
99959
25385
86279
59060
39380
36992
40193
65932
55113
14933
39969
54762
76656
40588
26786
84688
99045
40269
44604
36797
33788
57476
35643
45246
18067
85869
58278
95687
85203
79605
53047
1514
21342
39325
76925
60721
92668
17117
43004
47781
48401
82972
18894
41408
23560
45680
26095
38956
85948
87050
75752
36087
44526
11394
97685
78944
97263
55962
74631
98817
35567
27677
16682
73260
83353
93606
33980
76021
27075
93335
40153
75475
76307
59046
33235
16218
4725
59329
55173
7025
62731
47276
43111
7256
58670
40795
86199
72284
13109
77181
87452
65027
21209
4134
38286
4562
97739
88617
96934
24813
81951
37086
16640
74609
12483
49874
90826
33560
25554
62350
40584
88284
9626
46
11891
84647
57193
14442
73282
70301
91622
60733
35327
12831
81218
89964
33744
78957
78580
30677
20121
76882
84114
53112
51491
96596
19337
58668
30155
44891
21018
87090
49526
46995
3488
77769
47993
60680
92210
21274
47332
83831
98358
99010
13013
79576
88973
46756
74884
83904
93784
95004
60785
94249
64468
28627
90845
83804
87295
37351
45046
24664
40793
94572
88010
44280
72340
36002
4959
64549
73627
52290
64731
71984
51299
77744
67911
56623
40851
42794
56878
34635
54150
17662
28883
18617
62641
36079
2420
49935
89782
47466
74598
30574
58389
78959
74853
47080
14960
96163
27980
4938
48452
92710
93273
16102
86805
61184
89076
27656
3977
45953
78642
74478
79966
7524
93094
42606
59955
95514
92540
49736
59331
83489
80309
34071
62447
55161
81150
93758
67675
9129
98695
16126
18190
91968
48579
4995
69503
54006
49002
89831
99958
27643
64309
79923
51518
57402
22529
11472
69267
31420
61207
44949
31261
41515
79019
10059
13027
76520
3817
80701
2000
18863
13178
20190
27182
78108
41536
13036
32113
6889
2867
48422
34531
67175
28345
86048
24576
67225
97520
93843
14996
75078
55143
46256
16593
34162
56315
45971
10681
76483
43024
12681
11697
56201
49222
55231
50661
7109
68266
82773
13997
71132
31195
64879
38306
75891
67278
79234
59467
64797
89428
74462
39875
44570
20718
72819
95083
93384
18789
5764
86218
78164
34796
14266
34365
369
69496
85025
7477
54114
84149
37825
41597
31695
2703
96255
7585
69980
75488
83403
51129
64915
57865
7355
25836
94934
96525
20919
4669
31665
43034
90886
9829
94181
5151
60545
94549
90999
61921
18377
61464
46069
56201
3060
77764
75255
99314
1700
61586
74801
85103
29066
56067
59319
52772
98255
54252
49296
19173
58920
97313
78558
66157
7141
72738
71307
67685
67286
78657
29605
2014
40120
92025
74566
43180
86140
49820
58845
4192
27757
33646
89294
73175
6064
64964
25946
4318
19215
91594
39842
94486
88906
18399
60642
96046
91136
48300
80082
74773
26957
9686
76786
83428
1710
51351
42959
4202
17522
1804
8393
45279
51801
14038
34805
57864
79001
60750
78534
14567
52343
18375
9052
41248
53126
86045
53645
44261
34344
33726
19034
77652
59763
12171
77432
77825
63522
20390
82026
81043
22193
90418
42673
90345
4455
77477
48209
99807
54579
43094
14373
6921
77820
39776
64521
30945
25820
18165
75206
76515
68243
10591
54167
28005
22761
31598
5829
2634
68339
4206
29
6884
94623
59053
97228
15429
36530
61788
31587
7460
4881
45959
30732
82701
2086
95252
13645
27905
29769
5202
4420
98011
32144
74938
42367
54905
22887
48196
73890
91225
68753
73918
98108
63376
32971
11688
95156
85852
73475
26743
9663
78356
89053
40394
77408
91139
35646
7404
35395
81766
12606
56166
79776
61101
31103
38494
32357
70341
3041
6247
61566
71794
96516
76025
35169
45838
87712
46676
48041
77539
73418
57703
72246
78823
98097
49653
86313
33742
73408
21707
31859
2365
94225
27986
63466
41679
66479
95822
12020
69520
2068
89937
41313
14936
65961
92833
60773
70025
55860
8814
63915
45630
66516
36160
24452
64612
2164
10764
14705
75571
48822
62915
94288
43046
90900
57753
84725
57379
69926
96744
26898
71994
86680
84562
3281
68992
93746
64053
55368
49605
89218
35634
95234
55734
71793
19685
36697
73956
46800
67754
65879
95622
30668
60166
38667
21568
34270
39743
95298
4195
36486
22195
92540
39517
23108
95820
24861
16853
76225
96580
66457
65442
32214
61691
21175
20358
97727
74224
10666
44527
41977
76544
40148
88996
53061
95166
26915
3682
34909
22212
7876
87746
60758
16768
43615
83865
12587
84827
717
88811
81406
83526
54253
29971
45216
91779
50329
59294
66002
77346
3820
24330
70241
60319
13326
23301
55485
40240
43334
6745
78804
51209
94490
39561
67976
38104
23426
96915
39282
40494
85725
37040
24019
56329
67010
85586
48108
33690
44880
30461
11035
65051
71143
81275
25370
84468
20927
80854
41059
80612
3950
19862
31821
98439
75775
16148
52895
99200
29414
92176
39693
15139
45567
80064
87819
12577
82001
52278
62618
43232
82739
90005
8283
70233
87631
33652
71052
24910
30857
12110
5521
34806
48324
37341
49596
24098
69841
18842
39649
99254
27370
95693
30744
72936
92108
34915
85512
74109
87192
64482
17340
86282
54486
41974
56514
42116
91977
27565
67025
39185
56027
72546
73990
20702
26238
39938
61151
12430
58779
799
11684
2500
96491
58779
75436
88599
93693
77299
79059
80885
41780
96398
83518
12617
54724
40032
71085
46700
83948
54461
85885
39974
27006
76226
60675
69596
16163
21825
82025
91294
38975
10060
93793
51818
85191
85580
56768
78883
62879
35826
76119
21010
48575
75989
49979
3298
16020
21063
66350
16319
75523
52234
56293
18881
28459
33319
88476
60974
71496
86852
68619
10470
13264
78763
78639
14806
80695
35406
10040
43573
87583
86159
80934
36158
78499
30912
55807
10870
51974
22156
27188
27497
74389
83480
62729
19200
33151
51204
96525
4646
54407
81495
31467
84022
76609
26458
98827
57303
61863
8867
875
49446
11377
98161
1955
89875
29072
57761
744
97398
79917
44283
41246
70657
44115
3974
6208
77265
71529
19084
98262
25935
578
46080
9957
77187
72537
25135
34489
34400
34001
51716
197
61729
66228
2151
51603
95299
76263
68698
9048
56179
12981
50293
43188
57095
54266
65747
50711
42146
84831
48972
68081
85408
95051
94389
78946
83940
35875
29787
34691
69876
81502
34887
31604
64081
53389
99559
59379
29651
84608
84779
2182
97588
35071
61721
71034
5689
27467
21744
47834
12297
87067
32266
14057
82118
43006
9354
82409
78881
39140
17099
65108
36993
68337
13063
1073
21725
28973
76804
67727
13581
61582
69908
27520
96652
31628
98554
18692
75447
20297
82878
87743
23716
15143
18151
22185
74501
27505
4593
53381
82996
21691
34840
19989
6379
64254
37413
28103
93227
14216
12181
6807
75797
98441
34326
88801
46420
49231
23844
21866
85880
6721
9609
9595
38216
44111
31779
12716
71615
36371
82448
70963
74413
33639
90951
80791
97892
28363
25245
91118
58931
37425
97924
51079
52217
48602
56231
98637
97832
80075
20502
83711
3147
46462
9657
41362
90573
41435
70429
78539
77805
69228
49501
68569
2866
56803
49359
758
1518
90955
91875
60448
44732
6151
27878
96948
71104
84109
95584
85287
64183
32438
85350
83681
78899
95006
25043
85823
36441
11823
80714
30597
81051
30214
15518
83916
3369
81228
1025
4886
72183
92900
81685
16914
15402
9562
30213
2857
93670
25797
88143
74204
58234
73492
57885
53484
84850
99279
39307
37642
11101
20020
84590
8503
66585
107
92419
69953
81335
93443
91190
69869
2694
89226
86782
34447
15140
16994
37303
25161
59142
25446
99365
33727
15289
73601
87211
16490
89231
26517
54131
16683
62888
55073
25186
29472
55179
17604
15777
52865
27398
23318
22733
30092
12544
25866
80890
27683
59212
18193
69195
18353
59990
68559
68432
91630
58511
55642
8120
47741
98510
78602
64424
61397
33674
5961
7220
5205
23564
39348
74421
67313
62666
97154
13756
91561
39371
94646
35595
98582
12838
4789
33287
72827
89700
1718
80808
64562
73711
88927
12303
72220
83881
93078
49968
33906
99038
57187
39110
38953
12887
13531
6265
75552
27036
20021
83464
66406
14666
35410
81340
43855
40198
14626
33033
46249
32695
13840
10811
6405
19119
39465
94976
2999
48894
44943
53256
64283
18481
92366
19587
31367
22248
25851
6918
49283
62223
6733
32040
93240
42142
13379
37094
98692
44356
86478
61292
77050
318
72102
99806
35788
27918
94781
55138
93163
39723
8393
57445
58204
17110
77031
89570
39357
19234
12840
4991
81456
35924
53383
91048
94418
66761
44493
9461
11117
30971
70752
4518
31288
59206
4324
83427
3475
15456
38564
96638
71531
46956
54082
46086
80418
47465
52007
19774
66698
81198
41117
64505
17122
94499
55552
11539
77611
45
37351
5079
31015
8102
9597
78654
67307
30272
78432
70782
62079
16995
83771
33609
80302
37852
79694
60719
85316
31701
96845
68365
12898
54313
32870
46371
48811
4773
74261
26421
21169
11611
47852
52183
36065
73800
47188
19723
4071
25619
90504
82501
58965
90626
16110
55619
28478
12155
16337
30145
60207
29533
14862
89457
83845
64083
35827
32655
68855
26440
75428
90024
54402
23279
58558
90466
97078
22098
10189
17500
64068
17044
100000
23033
7670
32461
78651
36147
60968
11339
82643
21174
40872
97504
26982
24716
61586
79161
73723
46793
5600
65502
36816
60001
5132
11725
50467
18561
33822
77007
52412
14242
94050
68763
37274
1719
1224
32276
54217
78543
59966
36860
16068
837
50715
43050
41905
28653
22210
31979
75445
27809
13832
28612
4161
18963
56688
70979
37523
90510
47985
6286
21103
42035
75048
58376
43753
92623
7003
14322
71165
66968
51181
87233
84157
18247
30282
26061
63251
68843
74391
38695
13003
88222
83658
17163
7184
40346
4494
61058
47207
52478
67343
68309
10864
42390
43036
70969
51365
66390
85290
22529
33357
52822
26113
17513
87420
72746
59925
50671
41588
50667
5717
54590
38888
89375
88105
62423
46072
92598
39832
9630
61427
23526
94290
88643
82268
53677
59611
33632
20066
61252
56160
53422
14073
98625
87287
17844
71370
63563
68514
12958
14230
74231
83899
69469
79957
72003
31892
42380
80952
88075
68361
58731
11601
62650
47373
93868
16326
6983
27499
52743
68234
10
6164
98658
98634
9802
16501
70004
89717
1367
99313
3946
75597
83211
73414
71905
55214
21657
30636
52517
26084
98996
11247
37684
77997
58619
31551
10674
81953
75401
63416
66538
91762
85931
65195
90396
95733
98048
76751
85449
99414
92415
5746
91362
75625
95511
79618
47190
33520
10253
99707
59603
25600
10953
97286
3596
69572
45188
14269
51524
36940
77684
18062
28701
63614
99608
35448
75698
14007
28550
61146
29772
20964
83243
37485
96589
78754
17102
43778
12273
43706
43484
88227
69305
70789
85512
72900
40360
47051
87168
8235
83990
64851
42648
12690
44817
58608
64490
20514
72614
93039
98012
2386
14003
81254
39870
26943
76359
73324
70720
4983
17029
30556
93209
2686
1344
95072
75585
58055
42122
79105
66289
26111
60307
25289
55153
5123
83896
35994
41989
56509
29032
40000
75246
59386
37605
31468
86328
30316
21143
73400
35298
54523
3955
28507
57208
21650
23578
49145
79704
82052
28249
62344
24514
4907
3984
96018
10030
87879
32011
68370
60740
77395
24721
52337
36780
62325
83804
39460
92640
4946
12859
44290
59469
33165
72796
33028
54814
12725
82172
50869
11128
26772
29564
35642
31679
49900
31659
58060
37778
80022
26429
14869
57416
51149
67206
10547
13473
51009
50006
22465
72307
62864
66754
48127
96028
55901
81154
67193
84977
63326
34413
96105
90097
80329
31746
38127
30228
79756
96186
84357
59777
22614
99226
33544
73762
66431
44091
3587
33791
94096
42403
22449
56960
9156
70575
69339
81408
51729
52884
66384
31406
87296
62488
37854
67624
94233
75981
97851
90341
72166
82208
50117
11132
97785
83661
84893
64215
44103
4831
14357
38198
47233
36806
95157
72740
23732
80848
54147
75460
33731
20531
23217
37378
83018
77423
5002
93603
53403
19204
83943
41920
17763
50411
53051
31899
50423
54296
12465
94525
59126
26822
32723
22711
79979
44231
95450
3710
41430
49597
79170
91512
86479
18738
28890
69496
96160
50243
79450
65914
85798
63392
7834
19913
30155
77236
51811
80577
31531
64276
91454
7009
91097
40528
46071
71075
84758
41520
74784
42540
7468
70305
34051
93946
5395
62940
79794
1554
13182
59243
67468
15332
38987
91653
35244
69141
68888
87054
66069
16771
51329
57522
40131
58777
98049
86201
46203
99159
44072
37339
41698
67892
23995
92100
78189
29389
55040
74334
47295
84573
33577
14762
99904
88915
22766
51499
58055
8005
38553
40475
24775
6233
14349
81257
65010
28749
83809
11212
27907
44233
64902
85956
12124
88897
78056
6664
18285
49447
80998
65579
50371
30926
96692
66627
19840
19457
18125
94246
27462
73029
51072
68588
79262
65420
66197
60623
94169
50005
88186
38427
94237
53088
24383
22712
41984
18790
29376
76620
84588
26725
42199
34958
57650
55242
17936
93841
91051
52413
4438
34864
25441
55509
19803
4702
20929
85999
81676
31449
36004
69862
69875
46592
39301
10609
69304
97636
29398
15031
74255
30337
41755
32805
81647
15756
88047
99582
9596
95449
51994
30385
30312
93787
85893
50114
14840
23173
36113
96516
54621
88468
82729
24496
35059
22029
35104
20714
19664
80854
35744
10270
11190
77498
43075
92836
9605
47473
8770
35552
42921
77115
65936
73232
70901
51829
39697
85741
75001
92161
82256
29622
80628
64984
70469
32039
3364
5572
52752
23027
86425
88496
33296
13967
82345
92722
6802
91950
40194
31923
27501
83114
9038
93437
72697
79938
61617
28746
65678
52969
20906
64285
98942
1534
45620
69410
33572
48983
91334
2675
88361
94110
91170
38009
8076
89867
30730
14878
81816
70924
63152
25668
70389
72189
35456
59438
68479
13424
88183
34156
66393
9088
14793
65334
26973
60412
51096
76896
25747
42429
79571
14107
36538
87092
52115
60966
93310
82845
92195
75125
70120
55346
17145
56860
27535
68952
32649
96013
82376
37183
46520
48768
46271
77664
30453
89595
38076
97900
82843
63822
56680
78765
94280
9570
65856
46395
70535
59166
45591
62729
50642
32062
18074
84138
5273
61960
53090
37922
74324
51817
75104
37196
584
37726
14859
47388
43673
69286
61640
26515
49459
18319
21631
43739
27888
87486
6485
98422
63003
68427
77502
29997
488
95576
30486
22112
73887
83575
60033
48211
51743
51489
1758
52326
5566
16616
16066
49238
85902
77705
92104
35360
96023
13734
95450
40263
17572
1934
55036
96926
70360
32538
43274
87199
44465
73760
9311
18351
73686
85695
82913
25429
53535
84670
94106
59101
1286
26523
24690
3539
4227
33146
55250
16602
46879
50700
73216
80802
52633
28251
77728
22993
60788
37353
10191
5252
11112
35853
39955
84798
21548
22867
26578
75082
23889
20683
50534
41526
47206
75224
45064
67784
8369
313
84385
71599
67364
57600
68753
19997
2203
62832
59341
62990
184
85883
84594
11296
21736
24548
12445
59635
63766
39022
51068
87654
76056
1602
45531
39613
93177
90594
7397
17897
7259
8133
5847
74622
82085
74599
10970
84287
53782
86662
63628
53966
72545
48221
81613
10632
89120
10409
70266
69238
65782
21333
73243
41837
39286
18774
81450
48814
25719
5198
66710
49329
13330
72557
40303
11766
63507
67624
96052
17289
54286
59680
71254
26830
24252
69218
37461
29724
79626
24078
15313
45407
61762
88555
3595
1048
23680
1396
49861
65751
6593
32923
15079
36275
21831
71733
48040
85337
39357
60444
18977
93642
36475
90230
36823
77078
75799
90635
6801
55424
14712
38465
17182
76473
43372
37129
93872
67051
38524
60085
49153
61469
9359
64232
14095
31189
52316
78486
16525
91672
38929
51854
1665
75403
58435
38487
52481
34234
29121
75633
6009
60184
14098
39543
53009
57469
76671
46880
40871
31546
23316
90024
9366
32674
70607
23460
80214
22922
18298
13091
30946
57226
64944
32610
48981
23378
71097
17813
57611
16569
9797
79972
76753
40246
19514
29761
14066
12536
92992
71289
44081
16308
61312
69799
65333
48270
9610
61899
87543
27907
74989
18488
1485
39932
67450
50465
79661
38546
84629
53624
71466
94425
33595
48218
51023
53108
77978
65088
65643
70970
36376
26075
3629
14039
95873
85313
78660
5483
63563
66203
49741
38551
1042
51225
94834
68491
18041
90847
23388
2669
44470
94854
13446
78064
43071
64468
47523
37401
45907
29517
24722
98635
55591
44702
12673
67816
30014
91333
89650
93577
73887
39390
48479
74928
6967
59665
43419
25007
50511
66806
44028
94980
61659
57473
89395
21082
38292
36917
58482
550
82785
83203
99184
54727
27904
28209
22542
74269
35893
28543
84197
9779
84285
49028
84706
91251
8692
44476
16257
75554
27634
60284
86885
5644
34108
76279
26725
88751
29547
1558
89301
12331
1112
88484
67057
29015
16692
5951
19636
68936
34493
20184
78714
35129
69211
79772
26379
94254
24247
58988
86159
68232
35623
73043
73876
86083
49321
16952
74833
95219
18510
64133
23901
19621
68969
7310
64988
2012
13260
975
70948
64104
21158
49661
99233
6721
45784
41963
974
86383
950
87133
54614
52925
76527
44841
39007
42200
61793
13839
37418
80302
94324
61319
16274
63292
84980
81261
81655
14591
82235
52602
78694
3393
18615
94278
10113
80750
52593
27438
67132
69894
30922
38098
22818
7449
82938
61824
49648
44730
92015
87065
41383
2690
64735
57657
82333
66066
38917
63987
80656
37504
32941
75702
40896
67907
86331
67360
48656
38923
11149
32140
25169
42071
70237
47986
65871
69526
26162
15518
14256
34528
18934
71990
37217
21
29646
19549
66086
84915
83535
63094
22418
32827
38795
79665
733
25125
63376
65741
80400
74524
97880
5568
32946
84468
69905
98816
53993
12418
30685
84600
46945
49619
56590
84161
65991
86235
20061
48428
71149
3596
11521
93566
52774
50315
89582
53507
91792
52957
19247
88543
43833
33478
94110
76778
17945
80366
91946
71937
92784
22630
56537
39728
88600
13126
40241
70942
15712
60301
19370
86861
80248
30890
96778
33022
97557
2712
86528
5700
55668
22126
94242
99500
55603
4703
92630
89899
85068
84575
61835
77851
23556
34723
33931
28508
64200
74171
99449
79912
34471
18818
83124
14719
66060
96253
47740
63616
98964
50619
85667
54632
89096
79908
70483
61050
84610
63112
50948
86029
64038
12782
63880
3946
63857
14162
32453
28056
88332
31901
7967
39154
67071
7442
53872
33130
3695
17963
13097
2658
68581
98763
73641
74028
95022
60476
35077
95983
39939
86024
82011
3977
15158
62242
24274
79014
76403
56726
23421
64734
4978
31388
20240
72048
38829
74111
21529
58875
92074
50977
61533
77006
66091
51525
51034
61112
12000
2462
57094
51939
88486
55457
72267
3643
17698
96540
99008
94101
69617
22428
75186
74594
70167
95425
62994
25348
85888
84522
84222
94313
51851
62106
87670
17941
13631
55055
95405
41982
57517
68850
10272
46002
24306
98890
65996
42004
11781
81355
52456
81397
20134
43993
72343
90301
55770
51688
32000
58009
36209
16221
52321
4411
94679
56342
22352
8309
11397
34108
66642
68913
2957
93266
31266
27263
92155
13613
85618
20288
11319
54425
1684
31452
98417
90378
38104
70538
42065
70103
28546
94626
2676
80866
99036
97354
53560
37739
22014
64956
88198
88655
50220
91155
81920
97837
34769
90427
11449
20386
10714
39119
74810
28749
70570
89578
35479
25026
60116
77543
95128
5013
88520
14155
2231
3908
11508
55790
57998
33521
20745
46196
38528
87316
37350
36799
85152
72118
27225
12952
8855
54290
52070
16
99391
38991
89593
34869
64016
66060
28763
75496
71073
17283
89650
73303
37542
1158
45444
95539
51030
66188
41734
89557
53503
95435
26356
55006
67552
69932
67957
92758
40574
36378
92773
39964
75368
98718
74832
39384
64777
19946
31231
52201
37228
20880
41855
91121
38389
87298
86660
89419
69837
28393
78975
39691
40180
21682
94696
7731
7966
79004
16841
48539
15381
9613
4854
90749
8330
96037
46484
89459
15982
77714
41659
69562
98593
83514
60682
53334
70811
63693
42752
57000
8438
38078
96690
48617
59760
91386
72699
84077
70389
89539
48967
2122
99152
53820
92870
23833
66208
55705
13291
82189
33418
54950
68102
48362
54815
45136
1695
41977
8828
44446
98976
17265
82524
95666
82233
58635
3403
54932
42711
90143
44470
8029
92264
59973
61848
1485
83806
44407
57189
97096
26595
6958
68397
11049
55320
23211
72536
73366
65188
81363
34164
64163
14980
33039
76180
97212
8025
95934
68495
67087
86077
29317
75115
94692
89289
53314
12529
89446
97720
69717
2894
40666
76675
71290
51714
48346
94501
24249
38063
76040
21964
88578
56554
53295
21616
49086
66858
29640
45019
35353
96726
47447
64669
88192
58491
70309
41505
71019
59755
39224
57087
62648
79890
50113
50289
47955
98458
44789
88556
52873
37180
26871
41450
93734
80165
79418
42819
47022
9057
4189
98726
22135
51636
63394
26678
10126
50055
68183
97496
9809
23758
54582
88808
19999
4695
39096
67954
19504
237
72861
72376
37416
99731
30178
47501
79895
9595
6671
43268
35003
10860
41994
73489
78847
21739
167
5324
71793
68349
2819
81601
92106
73752
86760
12105
78446
25856
96410
97950
42444
69270
86677
96211
85352
16854
43712
65246
42800
66734
24865
77803
93945
66858
51291
72791
88597
51457
94466
60389
36157
13636
58342
28263
87388
61453
56719
65833
3660
53128
80134
46103
38749
83163
42314
24100
16368
2377
5697
59168
85462
30561
36970
79407
13771
4612
68549
18719
56069
79367
95459
92225
93002
53800
36839
80389
31605
93557
62574
35264
63036
59059
81367
18136
58573
40032
58587
74941
58760
64283
34108
60573
11196
87429
39979
41318
92040
24880
60036
48108
4246
55494
56685
97247
25646
9875
93988
57250
3432
72913
92513
82819
48323
90231
17307
6896
46614
75893
81836
21725
56528
32295
82298
84075
19723
38628
25392
11762
63507
1779
76222
67752
73624
49258
81351
15621
59132
91690
72870
78915
80954
81735
61734
29276
88317
95392
36171
34931
71284
34358
73007
27811
66652
55304
28237
86374
93932
69980
14488
57438
71758
90709
41542
45382
56318
39244
77354
15449
30933
50224
94364
11886
48310
72449
57513
36626
67840
93684
87908
39123
28041
60915
83286
11045
32570
27874
97418
26501
97854
28257
291
69611
35317
58184
31344
91634
97427
8698
7083
44711
75273
17798
72948
39934
90246
30460
76559
58085
40495
80819
13559
84888
58085
13196
95932
90654
41070
9701
33507
38923
37958
33797
24885
73274
8332
72581
81260
22110
81278
88342
66820
72902
22491
39767
12835
12736
86578
5745
87172
27073
2915
730
11960
60999
30278
24243
68005
71347
33943
1511
26621
88252
51659
51505
77878
59990
24085
59137
82099
21714
63830
65270
94615
86320
21388
23801
15407
7965
29546
2578
51389
32460
3307
79700
9811
49936
3942
77815
21282
54237
79325
64254
42488
47335
32111
36717
23676
56195
12205
5774
94261
76034
87395
5227
78705
8782
29028
94111
33098
74925
96688
839
23736
16347
80538
33546
66282
832
27712
3916
55068
23388
84521
13907
70722
16631
66976
94397
72826
79180
16522
83438
71566
3916
88664
50270
29049
34043
60733
78499
25319
73772
79337
49055
6470
76226
98952
89104
93409
26664
9371
48476
50051
93891
78735
37125
10522
45710
31521
99699
41241
48043
83136
12806
68310
88151
79428
97359
22194
56512
92209
47512
30283
87897
12918
53105
64122
11870
42208
57531
54885
67930
22358
21287
61820
17444
58411
88693
79505
6284
88391
20746
54326
71526
49903
38987
59677
29330
52697
98222
85841
44905
45733
32476
32801
58651
1932
13275
86872
60491
70805
58108
28420
9514
79394
6591
26958
37805
95284
22814
60440
83674
43559
14765
55200
93462
70103
31228
39143
22800
29449
41336
67704
91533
73811
16857
66535
75742
30131
69758
36232
17287
27865
81003
26800
7259
87593
70109
61415
82876
9275
21854
66550
69185
52970
38101
62646
23072
85680
18141
45871
31480
59476
29927
39364
49638
46783
5899
41731
93265
75656
94314
10551
19873
75316
53702
43483
79260
40163
4897
62136
49437
43102
45037
18621
12423
83137
97619
51846
68816
32111
14069
16647
91586
43995
56010
57575
7129
61908
99305
393
53916
9970
27295
90140
1637
97348
33622
80896
37510
54870
43031
3298
14323
88067
21919
26745
87555
35889
78590
72722
67999
9010
89368
75936
53004
45378
33510
76484
23637
49166
93228
93904
59135
36874
84043
60771
34222
34016
41666
71731
88885
1049
75029
19559
89115
13299
46303
76670
49187
41245
49391
33537
50254
55111
9472
19610
16840
42981
12445
40476
92146
22025
50732
67632
58898
51126
44754
93119
85142
86419
81202
90378
3819
72582
9937
92934
2232
72591
85955
51418
13835
51697
1306
80441
6807
10777
16402
23646
70109
28846
80474
78606
50870
31205
46237
9768
98682
90990
19238
83823
93760
439
90553
97579
89372
16841
6864
91603
89431
92818
59372
19618
60866
60677
58
67673
71453
16459
7670
57913
61656
88143
36518
12526
35699
82754
38645
34381
90095
74234
34555
207
74673
25107
14137
80396
58299
21000
71999
47730
30169
31370
67347
91034
8399
83756
75058
96203
16566
82728
54116
94573
87222
90633
23450
22921
89739
62094
73653
79833
36328
8207
96391
27352
49666
10527
7747
7964
31526
96097
72045
78046
43819
55743
69080
52217
39498
44137
64771
72415
43216
18886
66988
30438
25871
90437
69710
15609
68883
59714
11793
21562
84272
8184
65265
33937
35062
89363
58253
82940
85460
30297
60985
45630
2392
46416
97846
58241
90553
78968
30656
50120
97854
13995
96909
40076
20783
82970
55684
6017
42683
83828
27578
26955
92011
9194
77243
43425
98557
51847
26364
368
98496
87348
45997
887
33764
60194
59127
40668
39161
6134
7139
53366
20128
4048
93441
57263
87017
65476
63279
46052
49304
7209
89358
57666
16402
66600
1090
31310
34799
27453
31677
33294
31153
77673
34180
81268
37866
9658
21935
77027
15792
29073
30392
52271
49472
40185
9533
52841
5660
89164
98892
71315
96372
4601
28981
29125
87552
30070
60435
22350
73875
8463
55643
21379
86136
6174
2646
24001
32184
24580
17379
47975
70004
64123
16597
19476
4307
26130
88668
26318
15293
87559
97633
28016
8511
42965
73492
96062
89386
50278
18412
63260
58741
90406
84638
44876
12932
87283
85228
45115
28214
18959
9441
14570
83081
26037
50397
3739
68518
39064
30056
162
42974
44040
44529
51484
87004
18021
47545
76390
68298
82308
56001
43390
72714
56991
4617
85645
60625
89845
47111
88839
8803
72903
3408
8235
15291
70156
11973
83809
9219
58380
322
68544
18772
44851
20027
5775
62871
83923
98516
47520
66231
70869
90910
55296
27859
95526
40940
88483
1722
4402
77321
26876
93656
97080
35110
8946
83587
63434
9106
92805
38166
9428
77700
56937
70630
97726
79063
33500
98001
77579
97371
64231
48447
4632
19526
92657
16510
76817
81139
18231
97570
74812
61459
91225
88243
96568
16522
71830
76354
25628
80986
14519
51407
58686
71455
22036
56411
50517
71887
70763
44447
69257
34993
9245
90241
70870
1901
6750
47686
99392
41332
61607
74203
2790
52831
62445
15710
69353
34274
92063
11332
31612
6581
62738
90297
78035
84773
46707
44903
73011
33822
5702
58619
68814
14946
48859
39684
33199
55608
3721
32590
13292
65328
23144
16081
34510
1940
48142
3862
36214
40204
31545
84177
46784
94282
74473
41170
95406
37531
2425
68416
71352
8126
27035
40166
39423
75893
96201
