10
16
21
22
29
45
46
58
107
162
163
167
184
193
197
207
237
237
241
259
276
291
313
316
318
321
322
324
333
341
344
347
368
369
380
393
429
434
439
445
455
464
488
512
550
577
578
581
584
620
625
626
643
646
661
706
717
724
730
733
741
744
758
790
792
796
797
799
808
832
837
839
863
875
887
905
907
911
929
950
953
974
975
996
1009
1025
1027
1042
1048
1049
1053
1061
1067
1073
1084
1090
1090
1100
1112
1118
1121
1123
1128
1144
1158
1171
1173
1175
1193
1196
1216
1224
1284
1286
1290
1303
1306
1339
1344
1345
1357
1367
1383
1395
1396
1402
1427
1432
1473
1485
1485
1487
1511
1514
1518
1522
1534
1550
1554
1558
1565
1585
1602
1606
1606
1607
1637
1638
1647
1661
1665
1670
1684
1690
1695
1700
1702
1710
1718
1719
1722
1738
1755
1758
1760
1779
1804
1824
1839
1901
1923
1932
1934
1940
1949
1955
1967
1974
1994
1998
2000
2005
2012
2014
2025
2068
2069
2076
2086
2104
2115
2122
2122
2129
2151
2158
2160
2164
2182
2203
2231
2231
2232
2234
2243
2245
2246
2262
2265
2275
2278
2280
2350
2354
2365
2377
2386
2392
2396
2414
2418
2420
2425
2443
2446
2448
2455
2462
2500
2500
2507
2519
2525
2525
2562
2570
2573
2578
2597
2624
2634
2635
2646
2652
2656
2658
2661
2669
2675
2676
2686
2690
2693
2694
2703
2705
2712
2712
2730
2733
2790
2796
2801
2819
2828
2857
2866
2867
2867
2894
2915
2957
2967
2972
2973
2977
2996
2999
3012
3025
3041
3060
3061
3100
3103
3144
3147
3203
3240
3241
3262
3263
3281
3287
3298
3298
3307
3333
3364
3369
3393
3397
3403
3405
3408
3409
3431
3432
3464
3475
3477
3488
3514
3532
3539
3557
3558
3587
3588
3592
3595
3596
3596
3629
3643
3660
3682
3695
3710
3721
3733
3739
3745
3757
3758
3798
3817
3819
3820
3862
3880
3901
3902
3908
3908
3914
3916
3916
3926
3942
3945
3946
3946
3950
3955
3974
3977
3977
3984
4037
4039
4048
4057
4058
4062
4071
4113
4134
4134
4161
4174
4188
4188
4189
4192
4195
4202
4204
4206
4227
4234
4245
4246
4258
4260
4267
4276
4277
4307
4318
4324
4333
4350
4375
4379
4391
4392
4402
4411
4420
4422
4432
4438
4442
4455
4458
4480
4494
4518
4550
4562
4593
4601
4608
4612
4617
4620
4631
4632
4638
4646
4661
4666
4669
4672
4695
4702
4703
4708
4715
4725
4729
4759
4762
4773
4777
4782
4789
4806
4809
4821
4823
4831
4854
4881
4886
4897
4907
4915
4924
4925
4933
4938
4944
4946
4952
4957
4959
4978
4983
4991
4995
5002
5010
5013
5019
5024
5034
5054
5064
5066
5079
5108
5121
5123
5126
5132
5151
5164
5182
5184
5198
5202
5205
5227
5248
5252
5267
5273
5289
5324
5342
5346
5356
5361
5365
5383
5395
5409
5411
5414
5451
5454
5482
5483
5484
5521
5527
5531
5566
5568
5570
5572
5581
5600
5632
5644
5660
5682
5689
5697
5700
5702
5715
5717
5745
5746
5764
5774
5775
5786
5789
5790
5793
5795
5825
5829
5847
5851
5873
5876
5884
5899
5912
5945
5951
5961
5967
5978
5979
5989
5992
6001
6004
6009
6017
6028
6061
6064
6089
6101
6134
6151
6151
6164
6169
6174
6195
6196
6208
6218
6227
6233
6234
6244
6247
6264
6265
6267
6284
6286
6295
6340
6359
6374
6379
6388
6399
6405
6409
6413
6427
6439
6459
6462
6465
6470
6478
6479
6485
6505
6511
6534
6538
6554
6581
6591
6592
6593
6662
6664
6665
6671
6688
6689
6712
6713
6714
6721
6721
6733
6733
6735
6740
6745
6750
6767
6801
6802
6805
6807
6807
6826
6852
6853
6864
6872
6884
6889
6890
6896
6915
6918
6921
6934
6934
6935
6939
6939
6943
6958
6967
6973
6983
6985
6994
7003
7009
7016
7025
7052
7061
7063
7079
7080
7083
7096
7109
7113
7129
7134
7139
7141
7171
7184
7186
7187
7209
7220
7256
7259
7259
7266
7267
7284
7290
7292
7301
7306
7310
7349
7355
7356
7377
7382
7387
7397
7404
7418
7424
7424
7435
7439
7442
7442
7449
7460
7468
7477
7483
7511
7517
7520
7524
7583
7585
7670
7670
7677
7678
7682
7687
7702
7706
7721
7731
7743
7747
7770
7788
7788
7794
7834
7865
7876
7891
7907
7928
7934
7964
7965
7966
7967
8005
8015
8017
8025
8029
8035
8076
8094
8102
8120
8126
8133
8150
8150
8168
8180
8184
8192
8207
8235
8235
8262
8274
8283
8309
8330
8332
8349
8369
8370
8373
8383
8393
8393
8399
8418
8438
8463
8469
8485
8485
8493
8503
8511
8534
8550
8556
8599
8601
8624
8627
8632
8682
8682
8687
8689
8692
8695
8698
8727
8739
8743
8752
8770
8775
8779
8781
8782
8785
8793
8803
8804
8810
8814
8828
8830
8855
8865
8867
8874
8891
8906
8920
8923
8930
8936
8946
8995
8996
9000
9010
9030
9035
9038
9046
9048
9052
9057
9088
9097
9099
9100
9106
9129
9134
9150
9156
9172
9181
9194
9219
9221
9239
9245
9275
9284
9293
9307
9309
9311
9311
9312
9324
9328
9351
9354
9354
9359
9366
9371
9385
9411
9428
9428
9433
9441
9461
9461
9462
9464
9472
9514
9533
9562
9570
9582
9588
9592
9595
9595
9596
9597
9605
9609
9610
9613
9620
9626
9630
9636
9657
9658
9663
9673
9686
9701
9724
9727
9745
9747
9768
9774
9775
9779
9794
9797
9802
9802
9809
9811
9829
9838
9875
9876
9892
9893
9902
9909
9920
9929
9937
9937
9946
9957
9962
9970
10005
10018
10030
10040
10059
10060
10060
10101
10105
10113
10126
10138
10146
10168
10181
10184
10189
10191
10230
10253
10270
10271
10272
10305
10340
10343
10373
10384
10407
10409
10422
10429
10458
10464
10470
10471
10477
10481
10498
10521
10522
10527
10539
10547
10551
10565
10584
10586
10587
10591
10597
10604
10609
10632
10642
10649
10655
10666
10674
10681
10693
10695
10713
10714
10764
10777
10777
10811
10818
10830
10834
10855
10860
10864
10870
10870
10873
10891
10915
10915
10930
10950
10953
10970
10972
10973
11035
11036
11045
11049
11073
11087
11101
11112
11117
11118
11128
11132
11135
11149
11163
11175
11175
11190
11191
11196
11212
11216
11247
11248
11256
11296
11317
11319
11332
11339
11377
11385
11386
11394
11397
11409
11410
11449
11455
11457
11459
11472
11508
11509
11521
11535
11537
11539
11565
11574
11587
11601
11611
11619
11630
11672
11684
11687
11688
11697
11716
11721
11722
11725
11737
11762
11766
11781
11786
11793
11799
11801
11806
11823
11840
11854
11870
11872
11883
11886
11889
11891
11898
11949
11949
11960
11973
11980
11996
12000
12007
12011
12020
12074
12087
12105
12110
12118
12124
12134
12148
12155
12168
12171
12178
12178
12181
12205
12209
12218
12237
12238
12253
12253
12266
12273
12275
12297
12303
12312
12331
12340
12365
12411
12418
12419
12423
12430
12430
12435
12436
12443
12445
12445
12465
12470
12478
12483
12526
12529
12536
12544
12564
12577
12587
12591
12606
12617
12617
12624
12634
12673
12681
12690
12716
12716
12725
12727
12736
12746
12750
12770
12782
12806
12823
12831
12831
12835
12838
12840
12859
12873
12887
12898
12918
12932
12952
12958
12966
12966
12981
13003
13013
13016
13022
13025
13026
13027
13036
13043
13054
13063
13091
13097
13099
13109
13109
13109
13113
13126
13133
13136
13144
13156
13169
13170
13178
13182
13196
13222
13224
13238
13260
13262
13264
13275
13276
13291
13292
13299
13310
13316
13323
13326
13330
13336
13379
13391
13422
13424
13429
13446
13473
13515
13531
13532
13532
13559
13562
13568
13579
13581
13594
13613
13628
13630
13631
13636
13645
13684
13686
13687
13698
13706
13716
13725
13734
13738
13756
13771
13775
13785
13790
13802
13820
13832
13834
13835
13839
13840
13859
13859
13905
13907
13918
13919
13933
13943
13960
13967
13969
13971
13992
13995
13997
14003
14007
14038
14039
14046
14057
14066
14069
14073
14078
14087
14089
14095
14098
14099
14107
14132
14137
14155
14155
14162
14195
14197
14216
14230
14230
14242
14248
14256
14266
14269
14279
14280
14285
14316
14322
14323
14325
14332
14336
14349
14357
14363
14373
14393
14401
14414
14424
14442
14488
14507
14519
14528
14545
14552
14558
14567
14570
14576
14591
14601
14611
14626
14666
14691
14703
14705
14711
14712
14717
14719
14719
14743
14746
14749
14754
14760
14762
14762
14765
14775
14781
14793
14798
14806
14809
14826
14830
14840
14859
14862
14869
14870
14872
14872
14873
14878
14879
14903
14916
14924
14926
14933
14936
14936
14946
14948
14960
14966
14968
14973
14980
14996
14999
15023
15023
15031
15067
15071
15079
15083
15102
15125
15129
15139
15140
15143
15153
15158
15220
15222
15251
15258
15263
15285
15289
15291
15291
15293
15299
15300
15313
15325
15327
15332
15335
15381
15384
15392
15402
15407
15424
15429
15449
15456
15465
15511
15516
15518
15518
15539
15560
15586
15609
15621
15660
15679
15696
15710
15712
15712
15733
15748
15754
15756
15766
15777
15787
15790
15792
15799
15866
15866
15875
15914
15972
15974
15982
15990
15997
15999
16014
16020
16046
16066
16067
16068
16081
16102
16102
16110
16126
16137
16148
16150
16163
16174
16175
16186
16191
16203
16205
16206
16218
16221
16222
16227
16238
16246
16246
16257
16266
16274
16295
16297
16304
16308
16319
16326
16337
16347
16368
16402
16402
16406
16416
16425
16454
16459
16461
16485
16490
16497
16501
16510
16522
16522
16525
16564
16566
16569
16586
16588
16593
16597
16602
16616
16621
16621
16631
16639
16640
16647
16662
16663
16672
16674
16682
16683
16692
16701
16720
16724
16735
16740
16744
16768
16771
16782
16785
16840
16841
16841
16841
16844
16853
16854
16854
16857
16857
16864
16884
16899
16914
16929
16944
16952
16966
16967
16967
16994
16995
17029
17029
17030
17044
17047
17071
17090
17099
17102
17110
17117
17122
17140
17145
17149
17149
17162
17163
17163
17165
17182
17207
17212
17219
17230
17265
17279
17283
17287
17289
17293
17307
17312
17316
17321
17338
17340
17346
17356
17369
17379
17427
17432
17444
17463
17484
17492
17493
17493
17500
17506
17513
17518
17522
17568
17572
17574
17604
17619
17628
17629
17631
17657
17662
17698
17704
17728
17744
17754
17763
17766
17796
17798
17802
17813
17833
17839
17844
17845
17848
17849
17859
17879
17889
17892
17895
17895
17895
17897
17914
17915
17936
17941
17941
17945
17952
17963
17968
17990
17994
18009
18013
18021
18041
18062
18067
18068
18074
18083
18088
18101
18112
18122
18125
18131
18136
18141
18151
18165
18190
18193
18194
18203
18209
18211
18218
18226
18231
18247
18253
18282
18285
18285
18298
18319
18351
18353
18375
18377
18389
18393
18399
18412
18447
18454
18472
18481
18483
18488
18510
18519
18530
18561
18567
18569
18570
18596
18608
18610
18615
18617
18621
18650
18664
18674
18692
18695
18712
18719
18738
18767
18772
18774
18777
18789
18790
18814
18818
18830
18833
18842
18863
18872
18878
18881
18886
18894
18896
18909
18926
18934
18946
18954
18957
18959
18963
18967
18975
18975
18977
18990
18994
19003
19034
19054
19057
19084
19119
19122
19129
19138
19173
19182
19188
19200
19204
19215
19234
19238
19243
19247
19282
19288
19313
19320
19337
19370
19380
19410
19440
19452
19457
19463
19476
19483
19498
19504
19513
19514
19526
19529
19546
19549
19555
19559
19562
19568
19587
19588
19596
19608
19610
19618
19621
19636
19653
19664
19671
19673
19674
19685
19709
19723
19723
19730
19754
19760
19768
19771
19774
19782
19790
19792
19793
19803
19820
19825
19828
19833
19840
19843
19862
19868
19872
19873
19902
19905
19908
19908
19913
19917
19946
19955
19957
19966
19989
19997
19999
20003
20008
20020
20021
20027
20056
20057
20061
20066
20069
20070
20103
20121
20121
20128
20134
20184
20190
20240
20259
20271
20285
20288
20297
20301
20322
20349
20358
20386
20390
20411
20423
20460
20480
20486
20487
20502
20506
20514
20525
20531
20548
20562
20563
20606
20647
20651
20654
20667
20676
20682
20683
20695
20702
20714
20718
20745
20746
20764
20770
20774
20783
20790
20844
20859
20861
20861
20863
20880
20898
20904
20906
20913
20919
20922
20927
20929
20931
20963
20964
20970
20974
20977
20977
20995
21000
21010
21018
21030
21033
21063
21064
21074
21081
21082
21091
21091
21103
21113
21118
21119
21125
21133
21138
21143
21151
21158
21169
21171
21174
21175
21184
21204
21209
21237
21266
21274
21282
21287
21290
21298
21315
21321
21328
21333
21342
21379
21388
21396
21401
21402
21413
21433
21466
21529
21539
21546
21548
21555
21558
21562
21566
21568
21571
21572
21599
21611
21613
21616
21619
21621
21626
21631
21644
21647
21649
21650
21657
21670
21682
21691
21707
21714
21725
21725
21736
21736
21739
21744
21779
21793
21794
21805
21806
21825
21831
21844
21854
21856
21866
21892
21898
21918
21919
21928
21935
21964
21976
21997
22014
22025
22029
22035
22036
22048
22098
22099
22103
22110
22112
22126
22135
22137
22156
22185
22193
22194
22195
22210
22212
22215
22224
22248
22280
22297
22302
22320
22343
22350
22352
22352
22358
22416
22418
22424
22426
22428
22449
22450
22452
22465
22491
22492
22498
22501
22510
22513
22518
22529
22529
22542
22586
22596
22614
22622
22630
22648
22675
22695
22696
22711
22712
22733
22752
22761
22766
22786
22800
22814
22815
22818
22843
22843
22855
22867
22887
22921
22921
22922
22927
22942
22968
22978
22989
22993
22995
22998
23004
23015
23019
23027
23031
23033
23040
23058
23072
23075
23085
23095
23100
23108
23109
23144
23165
23173
23174
23189
23198
23211
23217
23249
23275
23279
23301
23316
23318
23323
23324
23339
23342
23351
23364
23378
23388
23388
23415
23421
23426
23437
23450
23454
23460
23461
23505
23508
23526
23542
23545
23550
23556
23560
23564
23578
23585
23595
23597
23601
23604
23611
23612
23624
23628
23637
23639
23646
23674
23676
23680
23691
23713
23716
23718
23732
23736
23744
23758
23784
23789
23801
23809
23833
23844
23862
23869
23871
23874
23883
23889
23901
23923
23931
23986
23995
24001
24001
24019
24028
24078
24085
24089
24098
24100
24116
24125
24131
24210
24220
24243
24247
24249
24252
24254
24265
24274
24304
24306
24309
24330
24331
24342
24347
24350
24367
24383
24396
24422
24425
24428
24452
24464
24468
24479
24496
24503
24514
24543
24548
24576
24580
24588
24593
24614
24629
24633
24648
24649
24664
24681
24684
24690
24710
24716
24721
24722
24753
24769
24775
24796
24800
24805
24813
24819
24819
24824
24847
24861
24865
24869
24880
24885
24885
24910
24910
24917
24938
24939
24950
24969
25007
25007
25026
25027
25027
25030
25043
25052
25095
25098
25107
25125
25125
25135
25142
25145
25161
25169
25186
25191
25214
25232
25233
25245
25248
25275
25289
25295
25300
25312
25318
25318
25319
25325
25348
25364
25370
25385
25388
25392
25404
25429
25441
25443
25446
25461
25468
25481
25505
25523
25536
25545
25554
25587
25600
25601
25619
25621
25623
25628
25646
25655
25662
25662
25668
25673
25684
25696
25696
25700
25712
25713
25719
25727
25747
25758
25769
25797
25820
25824
25834
25836
25851
25852
25856
25862
25866
25871
25935
25938
25943
25946
25951
25973
25975
26000
26001
26008
26023
26037
26059
26061
26062
26070
26075
26082
26084
26087
26094
26095
26107
26111
26113
26127
26129
26130
26162
26172
26184
26194
26218
26230
26238
26241
26242
26244
26283
26286
26299
26309
26318
26335
26352
26354
26356
26356
26362
26364
26379
26383
26416
26418
26421
26429
26440
26451
26458
26472
26486
26496
26501
26515
26517
26523
26530
26537
26539
26546
26553
26555
26555
26558
26578
26580
26584
26584
26595
26610
26613
26621
26622
26626
26626
26636
26661
26664
26676
26678
26713
26725
26725
26731
26743
26745
26763
26763
26772
26786
26800
26800
26814
26822
26830
26843
26865
26871
26876
26878
26892
26898
26915
26930
26937
26943
26955
26957
26958
26959
26973
26982
27000
27006
27023
27035
27036
27040
27050
27054
27061
27065
27073
27075
27077
27096
27103
27130
27136
27140
27143
27164
27182
27188
27189
27192
27199
27220
27225
27226
27227
27248
27263
27295
27314
27322
27344
27352
27352
27370
27373
27398
27403
27438
27449
27453
27459
27462
27467
27477
27488
27497
27499
27501
27505
27506
27506
27520
27524
27527
27535
27544
27565
27578
27589
27622
27634
27643
27653
27656
27663
27665
27676
27677
27683
27695
27697
27712
27721
27739
27757
27763
27766
27783
27803
27806
27809
27811
27848
27859
27865
27866
27873
27874
27878
27888
27904
27905
27907
27907
27918
27920
27927
27931
27947
27962
27974
27980
27984
27986
28001
28005
28014
28016
28018
28018
28020
28022
28041
28056
28073
28082
28094
28103
28114
28129
28131
28140
28209
28214
28231
28237
28239
28242
28249
28251
28257
28263
28324
28345
28346
28356
28363
28368
28383
28393
28399
28420
28440
28459
28478
28478
28491
28507
28508
28514
28525
28543
28546
28550
28568
28587
28598
28612
28619
28627
28633
28645
28653
28659
28672
28701
28722
28735
28746
28749
28749
28763
28764
28772
28786
28799
28846
28863
28863
28868
28878
28883
28887
28890
28911
28920
28924
28931
28962
28965
28969
28973
28981
28998
29015
29028
29032
29032
29042
29049
29057
29066
29071
29072
29073
29086
29109
29121
29125
29141
29191
29192
29203
29214
29234
29244
29261
29264
29276
29316
29317
29330
29358
29376
29389
29392
29397
29398
29414
29419
29431
29432
29449
29472
29472
29489
29515
29517
29533
29546
29547
29547
29564
29568
29571
29591
29594
29605
29610
29620
29622
29636
29640
29646
29651
29654
29676
29679
29683
29693
29694
29699
29702
29724
29741
29741
29749
29761
29769
29772
29775
29787
29799
29820
29824
29826
29828
29836
29842
29854
29855
29861
29865
29870
29877
29880
29885
29894
29907
29919
29920
29923
29927
29942
29958
29971
29997
30001
30003
30011
30011
30014
30033
30056
30070
30092
30117
30131
30131
30145
30155
30155
30169
30177
30178
30191
30194
30213
30214
30228
30249
30256
30264
30272
30273
30277
30278
30282
30283
30297
30308
30312
30316
30337
30353
30385
30392
30400
30434
30438
30444
30453
30460
30461
30469
30486
30498
30506
30511
30535
30549
30556
30561
30570
30574
30578
30584
30597
30598
30612
30631
30635
30636
30656
30657
30668
30677
30685
30689
30705
30711
30721
30723
30730
30732
30735
30744
30826
30849
30857
30874
30890
30900
30912
30922
30926
30931
30933
30938
30945
30946
30947
30949
30952
30956
30966
30971
30992
31015
31103
31119
31128
31134
31150
31153
31160
31169
31169
31189
31189
31195
31205
31228
31231
31232
31232
31258
31261
31266
31275
31288
31301
31310
31344
31359
31365
31367
31367
31370
31370
31379
31388
31388
31399
31406
31408
31411
31420
31449
31452
31465
31467
31468
31480
31500
31505
31521
31526
31531
31532
31536
31545
31546
31551
31583
31586
31587
31591
31598
31603
31604
31605
31612
31628
31630
31631
31634
31659
31665
31665
31677
31679
31690
31695
31701
31726
31728
31741
31746
31779
31785
31793
31799
31821
31844
31846
31850
31853
31859
31865
31874
31883
31885
31889
31890
31892
31897
31899
31901
31915
31923
31934
31946
31952
31979
32000
32003
32011
32014
32039
32040
32062
32062
32066
32079
32093
32093
32095
32111
32111
32113
32129
32140
32144
32164
32178
32184
32208
32214
32218
32227
32234
32240
32241
32251
32266
32276
32278
32283
32295
32302
32316
32322
32329
32335
32341
32350
32357
32374
32374
32386
32438
32453
32460
32461
32476
32477
32497
32511
32524
32531
32538
32562
32570
32572
32590
32609
32610
32613
32625
32629
32635
32641
32649
32651
32655
32674
32695
32708
32718
32720
32723
32758
32770
32779
32791
32793
32801
32805
32815
32817
32827
32828
32852
32859
32870
32885
32909
32915
32923
32927
32941
32946
32971
32975
32978
32979
33022
33022
33022
33028
33030
33033
33039
33047
33074
33098
33126
33127
33130
33132
33146
33151
33157
33165
33191
33199
33200
33218
33235
33245
33284
33286
33287
33288
33290
33293
33294
33296
33301
33319
33357
33360
33365
33378
33392
33394
33418
33425
33478
33500
33507
33510
33520
33521
33537
33544
33546
33560
33572
33574
33577
33578
33595
33609
33622
33632
33633
33636
33639
33646
33652
33669
33674
33674
33690
33720
33726
33727
33731
33742
33744
33764
33775
33788
33791
33797
33822
33822
33827
33833
33833
33837
33843
33871
33892
33896
33896
33906
33910
33931
33937
33940
33943
33964
33980
33992
34001
34008
34016
34019
34043
34051
34071
34073
34077
34079
34108
34108
34108
34123
34130
34139
34145
34147
34156
34162
34164
34172
34180
34183
34185
34194
34210
34215
34222
34234
34239
34247
34270
34271
34274
34300
34308
34313
34315
34323
34326
34344
34349
34356
34358
34365
34381
34383
34400
34413
34447
34454
34456
34471
34489
34493
34510
34512
34517
34526
34528
34528
34531
34538
34555
34558
34566
34635
34639
34644
34654
34673
34691
34715
34722
34723
34725
34743
34759
34760
34769
34771
34777
34796
34799
34805
34806
34827
34840
34864
34869
34887
34894
34895
34909
34909
34915
34923
34931
34941
34958
34969
34983
34993
35003
35030
35031
35040
35046
35059
35059
35062
35067
35071
35077
35101
35104
35110
35116
35129
35137
35137
35169
35181
35193
35223
35227
35244
35263
35264
35281
35298
35317
35317
35326
35326
35327
35345
35347
35353
35353
35360
35361
35371
35388
35395
35404
35406
35408
35410
35415
35431
35448
35448
35454
35454
35456
35475
35479
35485
35487
35508
35513
35520
35524
35552
35567
35576
35595
35602
35612
35613
35623
35632
35634
35642
35643
35646
35653
35672
35682
35683
35699
35705
35706
35708
35719
35736
35744
35755
35763
35785
35788
35811
35811
35819
35826
35827
35827
35853
35859
35875
35889
35893
35924
35936
35952
35952
35962
35985
35994
35999
36001
36002
36004
36013
36050
36053
36065
36079
36079
36087
36113
36147
36157
36158
36160
36171
36171
36183
36204
36208
36209
36214
36232
36240
36263
36275
36278
36287
36290
36294
36327
36328
36331
36371
36376
36378
36386
36387
36404
36404
36418
36424
36441
36475
36475
36486
36518
36530
36530
36532
36538
36550
36574
36608
36615
36620
36626
36653
36675
36697
36699
36717
36748
36750
36780
36797
36799
36800
36806
36816
36817
36823
36839
36842
36844
36852
36860
36874
36883
36902
36908
36917
36927
36933
36938
36939
36940
36949
36968
36970
36983
36992
36993
36997
37003
37037
37038
37040
37086
37094
37112
37115
37125
37129
37148
37148
37180
37183
37191
37196
37202
37217
37228
37250
37274
37278
37281
37282
37295
37301
37303
37304
37305
37316
37322
37339
37341
37350
37351
37351
37353
37367
37370
37378
37394
37401
37403
37413
37416
37418
37425
37425
37436
37459
37461
37485
37493
37495
37504
37510
37523
37531
37537
37542
37601
37602
37605
37612
37612
37642
37656
37663
37666
37684
37718
37726
37728
37739
37758
37771
37773
37775
37778
37778
37805
37825
37829
37840
37852
37854
37862
37866
37891
37905
37922
37943
37943
37958
37988
37997
38009
38036
38037
38043
38063
38076
38076
38078
38086
38098
38101
38101
38104
38104
38106
38109
38110
38112
38120
38120
38121
38127
38135
38135
38138
38142
38147
38163
38166
38175
38198
38216
38239
38268
38286
38292
38306
38354
38389
38412
38427
38436
38457
38465
38471
38487
38489
38494
38508
38518
38524
38528
38546
38551
38552
38553
38556
38564
38565
38568
38575
38577
38580
38598
38625
38628
38635
38637
38645
38653
38654
38667
38672
38680
38693
38695
38705
38726
38737
38749
38778
38792
38795
38808
38815
38817
38829
38835
38846
38869
38874
38884
38888
38917
38923
38923
38929
38953
38956
38963
38975
38987
38987
38987
38991
39007
39013
39022
39036
39064
39091
39096
39110
39111
39115
39119
39123
39140
39143
39154
39161
39185
39203
39203
39210
39224
39244
39251
39278
39282
39286
39301
39303
39307
39313
39315
39320
39322
39324
39325
39348
39357
39357
39364
39364
39371
39380
39381
39384
39390
39423
39426
39426
39460
39465
39465
39481
39497
39498
39501
39516
39517
39533
39542
39543
39547
39561
39593
39613
39622
39629
39645
39649
39681
39684
39687
39691
39693
39697
39701
39703
39723
39728
39743
39744
39752
39767
39769
39769
39776
39791
39799
39826
39831
39832
39837
39842
39870
39875
39932
39934
39938
39938
39939
39955
39964
39969
39974
39979
39984
39986
39990
39991
40000
40001
40025
40031
40032
40032
40076
40120
40129
40131
40137
40143
40144
40146
40148
40149
40153
40163
40164
40166
40166
40171
40176
40180
40185
40192
40193
40194
40198
40198
40204
40207
40211
40217
40226
40236
40240
40241
40246
40263
40269
40278
40285
40303
40315
40329
40344
40346
40357
40360
40364
40394
40453
40456
40475
40476
40483
40494
40495
40506
40511
40528
40561
40563
40574
40584
40588
40622
40624
40636
40666
40667
40668
40678
40699
40717
40719
40745
40764
40767
40772
40780
40789
40791
40793
40793
40795
40826
40849
40851
40871
40871
40872
40886
40896
40900
40906
40916
40940
40945
40949
40951
40962
40974
40978
40979
40981
41011
41018
41025
41033
41047
41055
41059
41070
41079
41089
41101
41105
41117
41120
41126
41161
41170
41187
41203
41208
41228
41241
41241
41245
41246
41246
41248
41313
41315
41318
41321
41326
41328
41329
41332
41336
41340
41346
41350
41362
41369
41383
41408
41430
41435
41440
41448
41450
41457
41460
41469
41476
41486
41505
41515
41515
41520
41522
41526
41536
41542
41545
41561
41588
41591
41597
41601
41603
41613
41628
41646
41659
41666
41672
41679
41683
41684
41687
41693
41698
41731
41732
41734
41743
41750
41751
41755
41760
41780
41782
41824
41837
41841
41855
41859
41859
41905
41909
41920
41948
41963
41970
41974
41977
41977
41982
41984
41989
41989
41994
42004
42018
42035
42046
42053
42065
42071
42089
42103
42105
42116
42122
42125
42142
42146
42146
42151
42161
42165
42176
42179
42195
42196
42199
42200
42202
42208
42219
42219
42225
42226
42236
42269
42277
42287
42299
42306
42306
42314
42317
42318
42328
42361
42367
42380
42390
42403
42429
42436
42442
42444
42488
42508
42512
42539
42540
42566
42585
42598
42606
42618
42622
42648
42648
42651
42652
42656
42665
42673
42683
42702
42706
42709
42711
42744
42749
42752
42785
42794
42795
42800
42819
42874
42882
42921
42930
42957
42959
42965
42970
42974
42981
42984
42997
43004
43006
43018
43024
43026
43030
43031
43033
43034
43034
43036
43038
43046
43050
43062
43071
43075
43078
43094
43102
43111
43137
43140
43150
43169
43180
43188
43207
43211
43213
43214
43216
43232
43239
43260
43268
43274
43301
43314
43329
43334
43338
43347
43369
43372
43385
43386
43390
43390
43390
43408
43412
43419
43425
43428
43429
43431
43437
43464
43483
43484
43486
43541
43552
43559
43565
43565
43573
43584
43585
43595
43614
43615
43619
43635
43654
43666
43668
43673
43679
43688
43699
43706
43712
43722
43727
43728
43732
43739
43740
43753
43778
43819
43827
43833
43834
43844
43855
43874
43946
43952
43957
43958
43960
43980
43982
43987
43993
43995
44005
44008
44009
44016
44027
44028
44028
44029
44033
44040
44072
44081
44088
44091
44101
44103
44111
44112
44115
44130
44137
44137
44162
44168
44170
44213
44222
44231
44233
44240
44252
44255
44256
44261
44280
44283
44290
44330
44332
44352
44356
44374
44379
44407
44410
44420
44422
44446
44447
44465
44470
44470
44476
44491
44493
44497
44520
44526
44527
44529
44540
44550
44567
44570
44583
44599
44604
44611
44628
44640
44640
44688
44699
44702
44711
44722
44725
44730
44732
44737
44754
44755
44759
44767
44789
44804
44807
44808
44817
44836
44841
44851
44873
44876
44880
44886
44891
44903
44903
44905
44918
44928
44943
44943
44945
44949
44953
44964
44994
45000
45005
45019
45028
45032
45037
45040
45046
45064
45065
45090
45093
45093
45113
45115
45136
45153
45174
45188
45190
45204
45209
45209
45210
45212
45216
45242
45245
45246
45251
45279
45280
45320
45322
45335
45377
45378
45382
45391
45407
45432
45444
45524
45531
45548
45567
45591
45601
45620
45630
45630
45637
45639
45661
45666
45668
45680
45687
45710
45710
45722
45733
45739
45751
45767
45777
45783
45784
45790
45800
45815
45818
45838
45839
45859
45864
45868
45871
45907
45923
45938
45953
45959
45965
45969
45971
45994
45997
46002
46005
46021
46034
46052
46063
46069
46071
46072
46080
46086
46098
46100
46103
46148
46166
46191
46196
46203
46212
46227
46237
46240
46249
46256
46256
46257
46271
46271
46275
46303
46305
46308
46312
46324
46326
46371
46380
46395
46416
46420
46462
46484
46520
46523
46529
46532
46541
46542
46591
46592
46606
46609
46614
46650
46663
46665
46665
46668
46676
46678
46700
46707
46727
46727
46728
46729
46750
46753
46756
46781
46783
46784
46793
46800
46837
46879
46880
46888
46892
46897
46908
46910
46928
46931
46945
46949
46956
46995
46998
47009
47013
47022
47025
47051
47051
47056
47078
47080
47081
47082
47099
47101
47111
47123
47144
47158
47182
47183
47186
47188
47190
47206
47206
47207
47210
47211
47233
47234
47235
47255
47276
47288
47295
47306
47332
47335
47335
47351
47360
47370
47373
47388
47389
47394
47402
47405
47429
47431
47447
47453
47461
47465
47466
47473
47485
47501
47512
47519
47520
47523
47529
47533
47545
47569
47592
47612
47627
47630
47630
47634
47636
47677
47683
47686
47694
47704
47730
47740
47741
47743
47765
47781
47829
47831
47834
47836
47837
47847
47852
47895
47919
47948
47955
47957
47959
47970
47975
47981
47985
47986
47993
48009
48025
48040
48041
48043
48067
48068
48080
48083
48083
48108
48108
48120
48127
48127
48142
48142
48147
48158
48168
48196
48200
48209
48211
48218
48221
48234
48234
48250
48256
48261
48270
48290
48300
48302
48310
48323
48324
48327
48329
48346
48362
48370
48398
48401
48408
48422
48428
48437
48447
48452
48452
48476
48479
48482
48487
48500
48532
48533
48539
48547
48551
48575
48579
48582
48593
48596
48602
48604
48606
48617
48621
48650
48656
48668
48687
48696
48700
48701
48717
48735
48767
48768
48782
48786
48791
48811
48814
48822
48822
48825
48831
48832
48835
48859
48883
48894
48896
48904
48919
48932
48940
48944
48952
48963
48967
48969
48972
48981
48983
49002
49028
49032
49036
49055
49086
49089
49096
49108
49129
49131
49145
49153
49166
49181
49187
49192
49222
49231
49232
49238
49255
49258
49269
49275
49278
49282
49283
49296
49304
49321
49329
49335
49343
49359
49374
49379
49391
49400
49422
49433
49435
49437
49446
49447
49459
49472
49482
49489
49501
49526
49595
49596
49597
49600
49605
49606
49619
49623
49638
49647
49648
49650
49653
49661
49666
49683
49692
49701
49714
49736
49741
49752
49770
49780
49780
49813
49820
49824
49833
49861
49865
49865
49872
49873
49874
49875
49887
49900
49903
49935
49936
49953
49968
49976
49979
49979
49998
50005
50006
50023
50044
50044
50047
50051
50055
50082
50087
50113
50114
50116
50117
50120
50141
50145
50156
50178
50180
50195
50206
50210
50220
50220
50224
50227
50243
50249
50254
50264
50270
50278
50285
50289
50293
50304
50315
50317
50329
50346
50371
50373
50382
50397
50411
50420
50423
50424
50449
50455
50455
50465
50467
50482
50511
50514
50517
50524
50534
50534
50535
50543
50550
50592
50619
50622
50637
50639
50642
50661
50667
50669
50671
50679
50696
50700
50700
50700
50702
50711
50713
50715
50732
50760
50762
50786
50788
50797
50821
50869
50870
50876
50885
50894
50895
50922
50923
50930
50935
50948
50956
50972
50977
50995
51009
51009
51023
51030
51034
51042
51043
51058
51068
51068
51072
51073
51076
51077
51079
51080
51081
51084
51086
51094
51096
51099
51126
51126
51129
51149
51152
51162
51181
51192
51195
51204
51207
51209
51219
51225
51268
51291
51294
51299
51301
51301
51329
51341
51348
51351
51355
51365
51372
51389
51396
51401
51407
51416
51418
51427
51427
51434
51457
51457
51484
51488
51489
51490
51491
51493
51499
51505
51518
51518
51524
51525
51529
51565
51586
51589
51603
51629
51636
51641
51659
51674
51685
51688
51692
51697
51714
51716
51722
51729
51729
51731
51733
51743
51754
51765
51771
51779
51801
51810
51811
51817
51818
51829
51846
51847
51851
51854
51861
51879
51885
51909
51939
51969
51974
51979
51983
51994
52007
52034
52070
52100
52115
52167
52182
52183
52196
52201
52205
52217
52217
52217
52225
52234
52247
52252
52271
52278
52290
52316
52321
52326
52326
52337
52343
52345
52346
52363
52365
52378
52400
52412
52413
52456
52458
52478
52481
52493
52517
52543
52559
52573
52576
52586
52593
52594
52599
52601
52602
52607
52622
52622
52633
52652
52697
52703
52726
52726
52738
52743
52752
52772
52773
52774
52807
52817
52822
52825
52831
52838
52841
52851
52859
52865
52869
52873
52884
52895
52903
52905
52925
52933
52938
52946
52957
52957
52958
52959
52969
52970
52970
52985
52987
52990
53001
53004
53008
53009
53020
53038
53047
53051
53061
53072
53088
53090
53098
53105
53108
53112
53113
53126
53128
53130
53141
53149
53152
53157
53170
53170
53189
53197
53212
53219
53239
53256
53282
53291
53295
53314
53323
53334
53336
53358
53365
53366
53366
53381
53383
53389
53398
53403
53409
53416
53422
53431
53461
53484
53502
53503
53507
53511
53516
53535
53548
53548
53560
53578
53590
53621
53624
53645
53647
53652
53665
53669
53677
53702
53704
53712
53724
53782
53787
53787
53791
53793
53798
53799
53800
53811
53815
53820
53822
53872
53875
53877
53916
53923
53935
53951
53959
53966
53970
53993
53995
54006
54015
54043
54048
54049
54064
54066
54076
54078
54082
54082
54102
54113
54114
54116
54131
54135
54147
54150
54153
54167
54176
54177
54201
54217
54223
54228
54237
54252
54253
54258
54266
54286
54290
54296
54313
54326
54329
54402
54407
54407
54411
54417
54425
54444
54461
54475
54477
54486
54509
54513
54523
54527
54548
54579
54581
54582
54590
54599
54614
54621
54623
54631
54632
54641
54662
54679
54690
54717
54717
54724
54727
54729
54730
54734
54762
54766
54799
54800
54814
54815
54817
54827
54859
54870
54876
54885
54905
54917
54932
54950
54976
55000
55006
55018
55036
55040
55048
55055
55068
55073
55092
55095
55096
55102
55111
55113
55138
55141
55143
55153
55157
55161
55173
55179
55183
55200
55214
55220
55231
55240
55241
55242
55250
55252
55253
55273
55296
55304
55320
55330
55339
55346
55356
55358
55364
55368
55377
55382
55424
55427
55440
55457
55458
55478
55485
55494
55509
55544
55552
55556
55567
55572
55573
55591
55598
55603
55608
55619
55628
55629
55630
55642
55643
55652
55656
55668
55673
55678
55684
55690
55705
55721
55734
55743
55770
55785
55790
55807
55827
55860
55863
55875
55879
55887
55901
55909
55928
55929
55956
55962
56001
56010
56022
56024
56027
56047
56053
56054
56067
56069
56074
56098
56160
56163
56166
56166
56174
56179
56184
56189
56195
56201
56201
56201
56206
56215
56221
56222
56223
56226
56231
56233
56241
56266
56283
56292
56293
56300
56302
56303
56304
56315
56318
56329
56342
56352
56407
56411
56458
56472
56509
56512
56514
56515
56527
56528
56537
56541
56553
56554
56565
56590
56597
56599
56602
56621
56623
56623
56624
56641
56650
56670
56680
56685
56688
56707
56710
56719
56726
56739
56766
56768
56785
56791
56803
56852
56860
56878
56921
56937
56960
56961
56962
56965
56974
56983
56991
56997
57000
57009
57028
57031
57036
57055
57074
57087
57094
57095
57187
57189
57192
57193
57208
57212
57212
57216
57226
57250
57254
57263
57273
57282
57291
57299
57303
57303
57319
57334
57357
57360
57379
57381
57389
57396
57402
57402
57402
57416
57438
57445
57460
57469
57473
57476
57500
57513
57517
57522
57531
57536
57540
57542
57553
57554
57557
57572
57575
57587
57587
57588
57600
57608
57611
57615
57644
57650
57657
57658
57666
57668
57668
57685
57688
57703
57717
57718
57728
57740
57753
57760
57761
57801
57805
57818
57838
57863
57864
57865
57875
57885
57898
57906
57911
57913
57941
57945
57979
57998
58009
58041
58053
58055
58055
58060
58074
58078
58080
58085
58085
58089
58097
58108
58140
58143
58158
58173
58184
58185
58204
58206
58219
58221
58234
58238
58241
58243
58253
58261
58278
58288
58299
58342
58345
58371
58376
58380
58388
58389
58411
58414
58417
58427
58433
58435
58450
58474
58482
58491
58501
58503
58511
58516
58518
58531
58534
58558
58573
58587
58587
58607
58608
58616
58617
58619
58619
58621
58627
58632
58635
58651
58668
58670
58670
58686
58701
58731
58734
58737
58741
58760
58767
58777
58779
58779
58798
58811
58829
58836
58845
58847
58849
58860
58867
58875
58898
58920
58931
58931
58957
58965
58973
58974
58982
58988
59005
59020
59037
59037
59043
59046
59053
59059
59060
59064
59095
59101
59101
59120
59121
59126
59127
59132
59135
59137
59142
59146
59166
59168
59189
59194
59200
59201
59206
59212
59242
59243
59252
59261
59266
59268
59279
59289
59294
59298
59319
59320
59329
59331
59339
59340
59341
59341
59352
59372
59379
59386
59389
59395
59409
59434
59434
59438
59444
59445
59447
59452
59455
59467
59469
59476
59483
59499
59501
59520
59545
59559
59603
59611
59623
59629
59635
59636
59665
59677
59679
59680
59714
59742
59755
59760
59763
59777
59788
59788
59819
59892
59902
59925
59930
59955
59964
59966
59973
59986
59986
59990
59990
59993
60000
60001
60001
60010
60030
60032
60033
60036
60062
60073
60079
60085
60103
60110
60116
60154
60156
60166
60184
60194
60194
60197
60207
60212
60284
60301
60307
60317
60319
60321
60339
60349
60357
60377
60389
60401
60412
60421
60424
60435
60440
60442
60444
60448
60476
60479
60491
60494
60510
60527
60545
60573
60623
60625
60629
60642
60658
60666
60675
60677
60680
60682
60719
60721
60722
60733
60733
60740
60747
60750
60753
60755
60756
60758
60771
60773
60785
60788
60808
60823
60859
60860
60865
60866
60874
60874
60881
60886
60887
60915
60917
60966
60968
60973
60974
60985
60987
60996
60999
61002
61015
61017
61050
61058
61071
61072
61085
61094
61101
61112
61123
61139
61146
61151
61155
61181
61184
61207
61213
61252
61255
61260
61262
61269
61292
61301
61312
61314
61319
61328
61371
61372
61397
61410
61415
61427
61447
61452
61453
61459
61464
61469
61494
61533
61538
61548
61552
61566
61582
61586
61586
61594
61604
61607
61617
61640
61656
61659
61669
61681
61691
61703
61721
61724
61729
61734
61762
61785
61788
61790
61793
61820
61821
61824
61824
61835
61848
61853
61863
61864
61868
61872
61881
61885
61899
61908
61921
61923
61944
61960
61960
61989
62012
62018
62032
62036
62058
62072
62075
62075
62078
62079
62079
62088
62094
62101
62106
62121
62136
62147
62148
62151
62173
62173
62177
62191
62206
62223
62228
62241
62242
62268
62292
62303
62307
62315
62323
62325
62326
62330
62344
62345
62350
62353
62371
62378
62400
62405
62423
62442
62445
62447
62449
62480
62481
62483
62488
62505
62526
62539
62574
62584
62592
62605
62609
62618
62618
62641
62646
62648
62650
62666
62701
62703
62711
62714
62729
62729
62729
62731
62738
62745
62748
62752
62762
62764
62784
62792
62794
62806
62832
62837
62851
62864
62869
62871
62876
62879
62881
62887
62888
62903
62915
62917
62930
62934
62935
62940
62945
62958
62961
62965
62975
62990
62994
63003
63009
63036
63039
63043
63058
63080
63085
63086
63093
63094
63112
63147
63152
63174
63206
63210
63211
63219
63230
63248
63251
63253
63260
63266
63279
63292
63295
63314
63318
63326
63359
63376
63376
63392
63394
63416
63431
63434
63460
63461
63464
63466
63473
63479
63483
63488
63489
63497
63507
63507
63522
63522
63539
63559
63560
63563
63563
63585
63614
63615
63616
63618
63628
63631
63683
63686
63692
63693
63701
63711
63719
63766
63771
63782
63799
63817
63822
63825
63830
63842
63847
63856
63857
63857
63858
63873
63877
63877
63880
63894
63915
63956
63974
63987
64011
64016
64037
64038
64053
64054
64059
64067
64068
64070
64077
64081
64083
64089
64091
64104
64122
64123
64133
64136
64146
64147
64163
64170
64183
64200
64203
64205
64208
64208
64215
64229
64231
64232
64245
64254
64254
64257
64273
64273
64275
64276
64283
64283
64285
64309
64317
64329
64333
64339
64345
64397
64419
64424
64467
64468
64468
64482
64490
64505
64521
64522
64537
64549
64562
64575
64587
64598
64600
64612
64618
64630
64635
64659
64669
64695
64716
64725
64731
64734
64735
64757
64768
64771
64777
64782
64797
64805
64851
64879
64888
64889
64902
64907
64915
64931
64932
64944
64952
64956
64961
64963
64964
64984
64988
65010
65020
65021
65024
65027
65033
65045
65051
65088
65099
65108
65159
65176
65188
65195
65201
65230
65238
65246
65253
65265
65270
65282
65283
65313
65316
65321
65328
65333
65333
65334
65357
65365
65366
65399
65420
65442
65476
65502
65505
65524
65526
65555
65559
65579
65583
65618
65643
65678
65695
65733
65741
65747
65751
65753
65762
65782
65810
65822
65833
65856
65871
65879
65900
65909
65914
65932
65936
65961
65983
65990
65991
65996
66002
66010
66015
66025
66034
66052
66060
66060
66066
66069
66073
66086
66091
66099
66118
66122
66135
66157
66159
66173
66181
66188
66197
66203
66208
66218
66228
66231
66233
66282
66284
66289
66298
66300
66300
66300
66316
66325
66337
66347
66350
66369
66377
66378
66384
66390
66393
66406
66428
66431
66444
66457
66464
66470
66479
66483
66484
66516
66535
66538
66550
66554
66561
66570
66585
66600
66610
66619
66627
66634
66637
66642
66644
66652
66674
66688
66692
66698
66710
66728
66734
66735
66754
66761
66765
66791
66802
66806
66820
66820
66838
66858
66858
66858
66861
66870
66872
66890
66968
66976
66988
66988
67006
67007
67010
67025
67051
67057
67068
67070
67071
67076
67079
67086
67087
67132
67140
67143
67159
67169
67175
67193
67206
67219
67225
67225
67228
67240
67255
67273
67278
67281
67286
67292
67307
67313
67331
67334
67337
67343
67347
67360
67360
67364
67369
67385
67390
67393
67430
67437
67437
67450
67454
67464
67468
67496
67508
67511
67512
67548
67552
67586
67586
67591
67594
67624
67624
67632
67638
67668
67673
67675
67685
67699
67704
67709
67727
67733
67734
67742
67743
67751
67752
67754
67757
67757
67760
67775
67784
67786
67787
67791
67816
67819
67840
67870
67882
67884
67892
67907
67911
67930
67933
67943
67954
67957
67966
67971
67976
67999
68005
68016
68020
68025
68034
68043
68058
68069
68081
68084
68088
68102
68102
68165
68183
68190
68232
68234
68243
68248
68260
68266
68298
68301
68305
68309
68310
68320
68332
68337
68339
68349
68353
68361
68362
68365
68370
68370
68373
68396
68397
68406
68416
68419
68421
68427
68432
68435
68450
68479
68491
68495
68499
68504
68514
68514
68518
68528
68544
68545
68549
68550
68559
68565
68566
68567
68568
68569
68576
68581
68584
68588
68588
68619
68627
68652
68663
68681
68687
68698
68731
68753
68753
68762
68763
68764
68798
68803
68805
68814
68816
68820
68843
68850
68850
68855
68870
68883
68885
68888
68913
68930
68936
68946
68952
68958
68965
68969
68988
68992
69012
69023
69027
69031
69045
69057
69080
69085
69109
69110
69125
69132
69141
69151
69185
69195
69211
69213
69218
69228
69234
69238
69245
69249
69257
69258
69267
69270
69277
69286
69302
69304
69304
69305
69309
69311
69330
69331
69339
69353
69365
69368
69388
69410
69440
69469
69469
69478
69486
69496
69496
69496
69503
69514
69520
69526
69530
69540
69545
69562
69572
69596
69611
69617
69633
69637
69654
69677
69679
69690
69710
69717
69724
69727
69748
69758
69768
69769
69781
69788
69789
69799
69805
69806
69834
69834
69837
69841
69862
69869
69875
69876
69892
69893
69894
69895
69905
69908
69908
69926
69932
69953
69954
69955
69959
69964
69968
69980
69980
69989
69991
69993
70004
70004
70025
70028
70036
70054
70082
70094
70103
70103
70109
70109
70110
70118
70120
70134
70155
70156
70158
70167
70177
70192
70194
70198
70212
70216
70233
70237
70241
70266
70274
70299
70301
70305
70307
70309
70309
70341
70343
70346
70359
70360
70366
70368
70374
70389
70389
70390
70390
70419
70429
70469
70483
70485
70507
70509
70532
70533
70535
70538
70538
70546
70552
70570
70572
70575
70584
70596
70607
70618
70630
70635
70657
70659
70661
70698
70716
70720
70722
70731
70752
70762
70763
70777
70780
70782
70789
70805
70811
70822
70839
70840
70862
70869
70870
70880
70887
70901
70924
70942
70944
70948
70963
70965
70967
70969
70970
70974
70979
70979
71014
71017
71017
71019
71029
71034
71052
71073
71075
71085
71097
71104
71104
71110
71119
71125
71132
71132
71138
71143
71149
71152
71159
71165
71181
71218
71219
71230
71233
71246
71254
71272
71279
71280
71284
71289
71289
71290
71297
71307
71315
71340
71347
71352
71370
71413
71441
71442
71443
71453
71455
71462
71466
71467
71469
71473
71484
71486
71495
71496
71517
71519
71526
71529
71531
71564
71566
71571
71574
71599
71605
71615
71625
71641
71645
71679
71711
71720
71731
71733
71753
71758
71767
71793
71793
71794
71823
71830
71833
71835
71863
71869
71881
71883
71887
71888
71905
71907
71912
71916
71925
71932
71936
71937
71940
71940
71962
71984
71990
71994
71999
72003
72016
72045
72048
72049
72100
72102
72118
72126
72140
72145
72152
72157
72158
72158
72166
72177
72183
72189
72190
72220
72241
72242
72242
72246
72262
72267
72273
72282
72283
72284
72289
72292
72307
72315
72325
72329
72340
72343
72349
72363
72376
72385
72415
72429
72429
72443
72449
72468
72472
72476
72485
72498
72526
72530
72536
72537
72545
72546
72557
72557
72581
72582
72591
72602
72603
72604
72605
72614
72615
72620
72629
72697
72699
72707
72711
72714
72722
72733
72738
72740
72746
72790
72791
72796
72806
72808
72808
72809
72819
72825
72825
72826
72827
72851
72860
72861
72861
72870
72891
72900
72902
72903
72913
72936
72948
72964
72970
72985
73000
73003
73007
73011
73022
73029
73034
73043
73053
73056
73067
73079
73079
73086
73088
73108
73151
73175
73188
73215
73216
73232
73243
73260
73274
73276
73282
73303
73312
73324
73342
73366
73376
73376
73384
73400
73408
73414
73416
73418
73436
73445
73447
73454
73457
73458
73463
73464
73466
73475
73475
73489
73492
73492
73513
73542
73550
73559
73590
73601
73614
73621
73624
73625
73627
73631
73641
73653
73664
73672
73686
73686
73695
73697
73708
73711
73723
73726
73743
73752
73760
73762
73770
73772
73772
73783
73784
73785
73800
73811
73852
73875
73876
73884
73887
73887
73890
73901
73918
73933
73937
73955
73956
73990
74028
74073
74081
74081
74084
74086
74106
74106
74109
74111
74118
74139
74163
74164
74171
74201
74203
74204
74217
74218
74224
74231
74234
74237
74255
74259
74261
74269
74276
74313
74324
74334
74336
74348
74352
74378
74389
74389
74391
74407
74413
74419
74421
74421
74462
74465
74473
74478
74495
74501
74505
74510
74514
74524
74549
74552
74563
74566
74590
74594
74594
74598
74599
74609
74612
74622
74623
74631
74638
74650
74673
74673
74694
74718
74726
74744
74770
74773
74784
74801
74810
74812
74832
74833
74852
74853
74858
74879
74884
74905
74915
74916
74925
74925
74928
74938
74941
74959
74989
75001
75007
75011
75029
75034
75048
75058
75062
75068
75077
75078
75082
75102
75104
75115
75125
75186
75189
75201
75203
75206
75222
75224
75229
75233
75234
75235
75246
75252
75255
75258
75262
75273
75275
75283
75307
75316
75353
75359
75368
75379
75384
75401
75403
75424
75428
75436
75445
75447
75459
75460
75464
75475
75477
75482
75488
75496
75499
75508
75523
75525
75552
75554
75556
75571
75579
75585
75597
75597
75625
75633
75656
75694
75698
75702
75703
75711
75717
75727
75742
75751
75752
75765
75775
75780
75788
75793
75797
75799
75801
75805
75825
75826
75833
75837
75859
75865
75886
75891
75893
75893
75904
75936
75981
75982
75989
75994
76021
76025
76034
76040
76052
76056
76056
76064
76066
76095
76096
76101
76119
76135
76136
76136
76142
76157
76180
76180
76213
76222
76225
76226
76226
76232
76263
76279
76298
76307
76321
76336
76338
76354
76356
76359
76361
76376
76380
76390
76399
76400
76403
76419
76419
76436
76441
76453
76467
76473
76483
76484
76486
76515
76517
76520
76527
76531
76543
76544
76554
76559
76567
76595
76609
76620
76642
76656
76665
76665
76670
76671
76673
76673
76675
76714
76718
76730
76734
76744
76746
76751
76753
76768
76778
76786
76793
76804
76810
76810
76815
76817
76821
76827
76862
76873
76882
76885
76888
76893
76896
76896
76925
76929
76930
76987
76991
77006
77007
77027
77031
77046
77049
77050
77054
77078
77087
77115
77117
77146
77155
77167
77181
77182
77187
77204
77232
77234
77236
77243
77255
77265
77273
77277
77288
77289
77297
77299
77309
77321
77331
77338
77343
77346
77348
77354
77379
77395
77408
77423
77432
77443
77444
77450
77477
77483
77488
77492
77498
77502
77539
77543
77545
77550
77558
77579
77611
77641
77652
77664
77673
77673
77679
77684
77700
77705
77714
77720
77728
77731
77743
77744
77764
77769
77770
77770
77803
77805
77815
77820
77825
77831
77851
77865
77874
77878
77882
77900
77922
77922
77928
77978
77980
77986
77994
77997
78035
78046
78056
78057
78064
78066
78108
78113
78131
78148
78162
78164
78168
78179
78189
78191
78221
78268
78272
78286
78293
78356
78376
78377
78403
78411
78418
78432
78446
78449
78486
78492
78499
78499
78507
78519
78534
78539
78543
78553
78558
78563
78565
78567
78580
78589
78590
78592
78602
78606
78639
78642
78651
78654
78657
78660
78661
78662
78666
78677
78694
78705
78714
78719
78735
78736
78738
78750
78754
78760
78763
78765
78778
78782
78804
78823
78847
78867
78881
78883
78886
78898
78899
78915
78932
78934
78944
78945
78946
78954
78957
78959
78961
78961
78968
78975
79001
79004
79004
79010
79014
79019
79045
79059
79060
79062
79063
79087
79105
79112
79133
79144
79161
79170
79175
79180
79186
79212
79219
79234
79249
79260
79262
79267
79278
79288
79325
79337
79338
79344
79355
79367
79371
79374
79394
79399
79407
79409
79411
79411
79418
79428
79450
79463
79465
79465
79505
79529
79535
79571
79571
79576
79605
79618
79626
79629
79649
79649
79660
79661
79665
79672
79694
79700
79704
79728
79740
79756
79757
79758
79764
79772
79776
79794
79817
79833
79867
79870
79875
79879
79890
79895
79905
79906
79908
79912
79917
79920
79923
79928
79935
79938
79944
79957
79966
79971
79972
79979
79999
80021
80022
80035
80036
80064
80075
80082
80100
80101
80101
80109
80121
80126
80134
80138
80141
80157
80165
80199
80214
80248
80251
80257
80267
80302
80302
80309
80314
80325
80329
80355
80359
80362
80366
80367
80389
80396
80400
80418
80441
80469
80474
80477
80515
80538
80566
80568
80577
80584
80595
80612
80628
80630
80650
80656
80690
80695
80701
80701
80702
80714
80750
80768
80771
80772
80780
80783
80791
80802
80808
80818
80819
80829
80842
80848
80854
80854
80860
80861
80862
80863
80865
80866
80885
80890
80894
80896
80896
80919
80934
80952
80954
80986
80998
81003
81014
81043
81051
81065
81066
81076
81102
81107
81122
81138
81139
81141
81150
81154
81167
81195
81198
81202
81202
81218
81226
81228
81228
81232
81233
81245
81254
81257
81260
81261
81268
81268
81275
81278
81278
81330
81335
81340
81349
81350
81351
81355
81357
81363
81365
81367
81397
81406
81408
81427
81450
81456
81495
81498
81502
81525
81543
81586
81601
81612
81613
81641
81647
81655
81676
81683
81685
81687
81703
81735
81740
81766
81798
81808
81816
81827
81836
81845
81862
81890
81910
81920
81921
81951
81953
81966
81968
82001
82001
82011
82025
82026
82040
82048
82052
82071
82074
82075
82085
82099
82111
82112
82118
82140
82147
82155
82172
82175
82176
82189
82208
82233
82235
82235
82256
82268
82298
82308
82322
82333
82345
82359
82367
82376
82380
82388
82409
82417
82424
82446
82448
82458
82501
82520
82522
82524
82528
82550
82555
82560
82583
82608
82620
82620
82643
82677
82684
82686
82690
82701
82718
82728
82729
82739
82740
82753
82754
82773
82785
82789
82789
82790
82803
82805
82819
82843
82845
82876
82878
82881
82885
82888
82908
82909
82913
82915
82938
82938
82940
82948
82954
82954
82967
82970
82972
82985
82996
82996
83013
83016
83018
83025
83028
83056
83059
83061
83081
83085
83090
83090
83092
83113
83114
83124
83136
83137
83139
83158
83163
83179
83186
83203
83211
83221
83243
83250
83251
83253
83286
83298
83311
83318
83322
83327
83330
83333
83334
83343
83353
83363
83392
83395
83403
83427
83428
83428
83438
83439
83447
83448
83449
83450
83464
83478
83480
83489
83489
83492
83514
83518
83526
83535
83548
83568
83575
83583
83587
83590
83606
83632
83658
83661
83674
83681
83684
83685
83686
83693
83698
83711
83756
83768
83771
83783
83786
83793
83797
83804
83804
83806
83806
83809
83809
83812
83823
83828
83831
83841
83845
83857
83862
83865
83881
83895
83896
83899
83904
83916
83916
83922
83923
83940
83943
83948
83990
84016
84021
84022
84023
84027
84027
84043
84075
84077
84107
84109
84114
84117
84137
84138
84149
84157
84160
84161
84165
84177
84197
84210
84214
84216
84222
84238
84266
84272
84272
84274
84274
84285
84287
84300
84317
84327
84340
84345
84357
84376
84385
84390
84441
84461
84468
84468
84502
84521
84522
84539
84558
84562
84570
84573
84575
84587
84588
84590
84594
84594
84600
84602
84608
84610
84629
84638
84647
84662
84662
84670
84688
84689
84690
84690
84706
84707
84711
84719
84721
84725
84747
84758
84768
84769
84773
84776
84779
84798
84815
84825
84827
84831
84838
84850
84853
84860
84873
84879
84888
84893
84904
84915
84937
84968
84977
84977
84980
85003
85015
85025
85040
85046
85053
85054
85055
85068
85086
85086
85099
85100
85103
85109
85110
85112
85116
85142
85152
85156
85164
85180
85191
85203
85228
85287
85290
85313
85316
85325
85330
85337
85350
85352
85388
85408
85425
85431
85449
85460
85462
85512
85512
85524
85559
85579
85580
85586
85593
85618
85645
85651
85656
85662
85662
85667
85675
85680
85684
85695
85712
85723
85725
85733
85736
85738
85741
85765
85780
85784
85798
85823
85824
85841
85852
85869
85871
85880
85883
85885
85887
85888
85893
85896
85902
85902
85931
85948
85955
85956
85968
85970
85981
85995
85999
86024
86029
86042
86045
86048
86053
86065
86077
86083
86089
86096
86118
86136
86140
86146
86150
86154
86156
86159
86159
86163
86167
86195
86199
86201
86218
86233
86235
86236
86252
86253
86264
86279
86279
86282
86296
86308
86313
86320
86321
86328
86331
86333
86346
86351
86366
86374
86383
86402
86411
86419
86423
86425
86466
86478
86479
86516
86528
86578
86593
86619
86634
86634
86660
86662
86664
86677
86680
86692
86735
86744
86760
86767
86770
86782
86798
86805
86848
86852
86861
86872
86885
86894
86902
86923
86944
86948
86956
86974
86984
87000
87001
87004
87011
87017
87027
87050
87054
87065
87067
87071
87080
87090
87092
87093
87107
87133
87142
87168
87172
87192
87194
87198
87199
87207
87207
87209
87210
87211
87222
87233
87241
87259
87271
87275
87283
87287
87295
87296
87298
87316
87326
87326
87327
87348
87368
87388
87395
87398
87408
87412
87420
87421
87428
87429
87452
87467
87486
87490
87509
87543
87552
87552
87553
87555
87559
87583
87593
87605
87620
87631
87644
87650
87654
87670
87678
87711
87712
87743
87746
87804
87810
87811
87819
87827
87834
87837
87853
87879
87888
87897
87908
87925
87927
87930
87937
87993
88010
88011
88025
88027
88047
88067
88075
88088
88090
88097
88105
88143
88143
88149
88151
88153
88183
88183
88186
88190
88192
88195
88197
88198
88222
88226
88227
88232
88239
88243
88252
88260
88262
88284
88284
88317
88324
88332
88337
88342
88357
88361
88371
88373
88391
88414
88444
88449
88468
88476
88483
88484
88486
88496
88520
88534
88541
88543
88547
88555
88556
88578
88597
88599
88600
88612
88617
88634
88643
88643
88647
88655
88664
88668
88689
88693
88696
88699
88705
88735
88741
88751
88756
88773
88777
88791
88801
88808
88811
88813
88835
88839
88885
88897
88906
88915
88923
88927
88966
88973
88981
88996
89053
89076
89087
89096
89097
89103
89104
89115
89120
89133
89141
89164
89191
89196
89214
89218
89226
89231
89242
89251
89274
89288
89289
89289
89294
89301
89312
89331
89333
89352
89358
89363
89368
89368
89372
89375
89386
89389
89395
89396
89397
89419
89428
89431
89446
89457
89459
89490
89498
89507
89514
89526
89526
89532
89539
89539
89539
89557
89570
89575
89578
89582
89585
89593
89593
89595
89601
89614
89635
89637
89650
89650
89666
89699
89700
89704
89717
89739
89749
89766
89776
89782
89795
89803
89804
89812
89817
89831
89836
89841
89841
89845
89851
89862
89867
89875
89885
89899
89920
89937
89963
89964
89964
89997
89997
90002
90005
90007
90024
90024
90027
90031
90034
90042
90054
90075
90075
90092
90095
90097
90111
90125
90140
90143
90146
90158
90159
90163
90163
90168
90194
90201
90206
90230
90231
90231
90240
90241
90246
90273
90286
90286
90297
90301
90330
90341
90345
90353
90369
90378
90378
90393
90396
90406
90406
90418
90422
90427
90437
90437
90465
90466
90468
90480
90486
90504
90504
90510
90553
90553
90573
90588
90594
90594
90597
90608
90614
90626
90631
90633
90635
90643
90654
90694
90697
90709
90716
90719
90720
90723
90727
90736
90747
90749
90759
90776
90778
90795
90801
90810
90826
90845
90847
90848
90868
90872
90886
90886
90900
90910
90951
90954
90955
90959
90977
90990
90999
91019
91024
91032
91034
91038
91048
91051
91074
91097
91113
91118
91121
91136
91139
91140
91143
91155
91170
91172
91179
91179
91190
91225
91225
91232
91241
91241
91251
91264
91265
91290
91294
91307
91322
91333
91334
91334
91342
91361
91362
91380
91386
91423
91424
91428
91440
91447
91454
91456
91464
91501
91505
91512
91533
91546
91549
91556
91561
91561
91579
91586
91593
91594
91601
91603
91617
91622
91630
91634
91653
91672
91674
91675
91681
91681
91690
91718
91720
91762
91770
91779
91780
91791
91792
91833
91833
91859
91868
91875
91875
91879
91886
91891
91904
91937
91946
91950
91968
91977
92000
92005
92011
92014
92015
92025
92040
92043
92057
92063
92064
92072
92074
92084
92088
92100
92104
92106
92108
92109
92130
92133
92146
92153
92155
92161
92176
92195
92204
92209
92210
92215
92220
92225
92234
92264
92274
92289
92296
92298
92308
92347
92366
92370
92371
92415
92419
92423
92424
92425
92442
92467
92500
92513
92540
92540
92550
92555
92574
92580
92594
92598
92623
92630
92640
92643
92650
92657
92657
92662
92663
92667
92668
92681
92702
92710
92710
92721
92721
92722
92746
92758
92759
92773
92784
92801
92805
92811
92818
92833
92836
92842
92857
92870
92879
92900
92934
92953
92965
92992
93002
93007
93019
93039
93077
93078
93082
93094
93119
93134
93163
93163
93177
93189
93209
93227
93227
93228
93240
93265
93266
93273
93310
93319
93322
93326
93332
93334
93335
93342
93378
93384
93409
93415
93437
93441
93443
93462
93489
93519
93543
93543
93550
93557
93558
93566
93577
93586
93589
93595
93603
93606
93619
93619
93633
93639
93642
93646
93656
93670
93684
93693
93697
93713
93718
93733
93734
93735
93746
93752
93758
93760
93784
93787
93793
93799
93821
93826
93841
93843
93843
93857
93868
93872
93891
93895
93904
93904
93925
93932
93945
93946
93963
93988
94007
94023
94050
94080
94091
94092
94096
94101
94101
94106
94109
94110
94110
94111
94122
94141
94142
94147
94154
94169
94170
94179
94181
94185
94201
94225
94233
94237
94242
94246
94249
94254
94261
94271
94278
94280
94282
94283
94288
94290
94311
94313
94314
94318
94324
94325
94353
94361
94362
94364
94386
94389
94397
94418
94423
94425
94431
94432
94443
94463
94466
94480
94486
94486
94490
94499
94501
94521
94525
94525
94549
94550
94572
94573
94607
94615
94623
94626
94641
94646
94664
94671
94679
94690
94692
94696
94700
94723
94731
94765
94781
94796
94818
94819
94834
94852
94854
94881
94908
94934
94976
94980
95004
95006
95010
95018
95022
95051
95072
95083
95088
95097
95128
95136
95136
95156
95157
95166
95195
95201
95219
95234
95248
95250
95252
95263
95267
95284
95286
95298
95299
95314
95317
95329
95332
95345
95352
95355
95356
95366
95380
95392
95401
95405
95406
95425
95430
95435
95448
95449
95450
95450
95452
95452
95459
95511
95514
95517
95526
95539
95540
95566
95575
95576
95580
95584
95587
95597
95622
95666
95687
95693
95695
95702
95720
95725
95733
95750
95755
95801
95807
95820
95821
95822
95825
95826
95845
95848
95873
95902
95906
95932
95934
95956
95975
95976
95980
95983
96013
96018
96023
96025
96028
96037
96046
96049
96052
96062
96070
96074
96079
96090
96097
96105
96151
96160
96163
96182
96186
96189
96201
96203
96211
96222
96253
96255
96275
96291
96293
96298
96344
96361
96372
96374
96391
96398
96410
96411
96415
96421
96429
96431
96461
96468
96472
96478
96481
96491
96494
96502
96516
96516
96525
96525
96529
96530
96540
96546
96568
96575
96580
96582
96588
96589
96596
96613
96625
96638
96638
96644
96652
96678
96681
96685
96688
96690
96692
96726
96736
96744
96750
96757
96765
96778
96787
96793
96794
96823
96841
96845
96848
96871
96879
96889
96890
96909
96910
96915
96918
96926
96934
96944
96948
96949
96991
96994
97022
97033
97042
97043
97063
97078
97080
97082
97093
97096
97097
97111
97115
97118
97121
97132
97137
97153
97154
97162
97162
97177
97180
97212
97217
97228
97233
97237
97240
97247
97260
97263
97266
97267
97268
97286
97287
97305
97313
97339
97341
97348
97354
97359
97371
97381
97389
97398
97405
97418
97418
97419
97427
97436
97437
97463
97463
97476
97486
97496
97503
97504
97514
97520
97542
97557
97561
97568
97570
97579
97588
97619
97626
97627
97633
97636
97643
97652
97653
97663
97672
97685
97719
97720
97726
97727
97727
97729
97739
97740
97752
97767
97785
97808
97823
97828
97832
97837
97839
97846
97851
97854
97854
97868
97873
97880
97892
97900
97918
97924
97927
97939
97940
97950
98001
98011
98012
98012
98032
98048
98049
98072
98081
98097
98106
98108
98110
98113
98124
98146
98161
98174
98188
98193
98222
98222
98254
98255
98258
98262
98307
98349
98358
98368
98385
98400
98414
98417
98418
98420
98422
98426
98439
98441
98458
98478
98486
98496
98500
98503
98510
98516
98523
98547
98554
98557
98582
98583
98583
98588
98593
98599
98605
98625
98634
98635
98637
98638
98649
98658
98662
98667
98675
98682
98692
98695
98700
98718
98722
98726
98763
98777
98779
98816
98817
98827
98846
98878
98890
98891
98892
98893
98900
98942
98952
98963
98964
98976
98994
98996
98996
99008
99010
99036
99038
99045
99071
99076
99081
99088
99091
99098
99136
99152
99159
99184
99200
99209
99226
99233
99245
99254
99254
99263
99279
99305
99313
99314
99329
99335
99349
99365
99366
99390
99391
99392
99393
99408
99413
99414
99418
99432
99449
99472
99480
99499
99500
99530
99546
99552
99559
99559
99582
99590
99603
99608
99608
99624
99695
99699
99707
99710
99731
99738
99769
99806
99807
99818
99822
99826
99842
99843
99849
99851
99851
99888
99904
99915
99927
99927
99955
99956
99958
99959
99983
100000
