100000
99983
99959
99958
99956
99955
99927
99927
99915
99904
99888
99851
99851
99849
99843
99842
99826
99822
99818
99807
99806
99769
99738
99731
99710
99707
99699
99695
99624
99608
99608
99603
99590
99582
99559
99559
99552
99546
99530
99500
99499
99480
99472
99449
99432
99418
99414
99413
99408
99393
99392
99391
99390
99366
99365
99349
99335
99329
99314
99313
99305
99279
99263
99254
99254
99245
99233
99226
99209
99200
99184
99159
99152
99136
99098
99091
99088
99081
99076
99071
99045
99038
99036
99010
99008
98996
98996
98994
98976
98964
98963
98952
98942
98900
98893
98892
98891
98890
98878
98846
98827
98817
98816
98779
98777
98763
98726
98722
98718
98700
98695
98692
98682
98675
98667
98662
98658
98649
98638
98637
98635
98634
98625
98605
98599
98593
98588
98583
98583
98582
98557
98554
98547
98523
98516
98510
98503
98500
98496
98486
98478
98458
98441
98439
98426
98422
98420
98418
98417
98414
98400
98385
98368
98358
98349
98307
98262
98258
98255
98254
98222
98222
98193
98188
98174
98161
98146
98124
98113
98110
98108
98106
98097
98081
98072
98049
98048
98032
98012
98012
98011
98001
97950
97940
97939
97927
97924
97918
97900
97892
97880
97873
97868
97854
97854
97851
97846
97839
97837
97832
97828
97823
97808
97785
97767
97752
97740
97739
97729
97727
97727
97726
97720
97719
97685
97672
97663
97653
97652
97643
97636
97633
97627
97626
97619
97588
97579
97570
97568
97561
97557
97542
97520
97514
97504
97503
97496
97486
97476
97463
97463
97437
97436
97427
97419
97418
97418
97405
97398
97389
97381
97371
97359
97354
97348
97341
97339
97313
97305
97287
97286
97268
97267
97266
97263
97260
97247
97240
97237
97233
97228
97217
97212
97180
97177
97162
97162
97154
97153
97137
97132
97121
97118
97115
97111
97097
97096
97093
97082
97080
97078
97063
97043
97042
97033
97022
96994
96991
96949
96948
96944
96934
96926
96918
96915
96910
96909
96890
96889
96879
96871
96848
96845
96841
96823
96794
96793
96787
96778
96765
96757
96750
96744
96736
96726
96692
96690
96688
96685
96681
96678
96652
96644
96638
96638
96625
96613
96596
96589
96588
96582
96580
96575
96568
96546
96540
96530
96529
96525
96525
96516
96516
96502
96494
96491
96481
96478
96472
96468
96461
96431
96429
96421
96415
96411
96410
96398
96391
96374
96372
96361
96344
96298
96293
96291
96275
96255
96253
96222
96211
96203
96201
96189
96186
96182
96163
96160
96151
96105
96097
96090
96079
96074
96070
96062
96052
96049
96046
96037
96028
96025
96023
96018
96013
95983
95980
95976
95975
95956
95934
95932
95906
95902
95873
95848
95845
95826
95825
95822
95821
95820
95807
95801
95755
95750
95733
95725
95720
95702
95695
95693
95687
95666
95622
95597
95587
95584
95580
95576
95575
95566
95540
95539
95526
95517
95514
95511
95459
95452
95452
95450
95450
95449
95448
95435
95430
95425
95406
95405
95401
95392
95380
95366
95356
95355
95352
95345
95332
95329
95317
95314
95299
95298
95286
95284
95267
95263
95252
95250
95248
95234
95219
95201
95195
95166
95157
95156
95136
95136
95128
95097
95088
95083
95072
95051
95022
95018
95010
95006
95004
94980
94976
94934
94908
94881
94854
94852
94834
94819
94818
94796
94781
94765
94731
94723
94700
94696
94692
94690
94679
94671
94664
94646
94641
94626
94623
94615
94607
94573
94572
94550
94549
94525
94525
94521
94501
94499
94490
94486
94486
94480
94466
94463
94443
94432
94431
94425
94423
94418
94397
94389
94386
94364
94362
94361
94353
94325
94324
94318
94314
94313
94311
94290
94288
94283
94282
94280
94278
94271
94261
94254
94249
94246
94242
94237
94233
94225
94201
94185
94181
94179
94170
94169
94154
94147
94142
94141
94122
94111
94110
94110
94109
94106
94101
94101
94096
94092
94091
94080
94050
94023
94007
93988
93963
93946
93945
93932
93925
93904
93904
93895
93891
93872
93868
93857
93843
93843
93841
93826
93821
93799
93793
93787
93784
93760
93758
93752
93746
93735
93734
93733
93718
93713
93697
93693
93684
93670
93656
93646
93642
93639
93633
93619
93619
93606
93603
93595
93589
93586
93577
93566
93558
93557
93550
93543
93543
93519
93489
93462
93443
93441
93437
93415
93409
93384
93378
93342
93335
93334
93332
93326
93322
93319
93310
93273
93266
93265
93240
93228
93227
93227
93209
93189
93177
93163
93163
93134
93119
93094
93082
93078
93077
93039
93019
93007
93002
92992
92965
92953
92934
92900
92879
92870
92857
92842
92836
92833
92818
92811
92805
92801
92784
92773
92759
92758
92746
92722
92721
92721
92710
92710
92702
92681
92668
92667
92663
92662
92657
92657
92650
92643
92640
92630
92623
92598
92594
92580
92574
92555
92550
92540
92540
92513
92500
92467
92442
92425
92424
92423
92419
92415
92371
92370
92366
92347
92308
92298
92296
92289
92274
92264
92234
92225
92220
92215
92210
92209
92204
92195
92176
92161
92155
92153
92146
92133
92130
92109
92108
92106
92104
92100
92088
92084
92074
92072
92064
92063
92057
92043
92040
92025
92015
92014
92011
92005
92000
91977
91968
91950
91946
91937
91904
91891
91886
91879
91875
91875
91868
91859
91833
91833
91792
91791
91780
91779
91770
91762
91720
91718
91690
91681
91681
91675
91674
91672
91653
91634
91630
91622
91617
91603
91601
91594
91593
91586
91579
91561
91561
91556
91549
91546
91533
91512
91505
91501
91464
91456
91454
91447
91440
91428
91424
91423
91386
91380
91362
91361
91342
91334
91334
91333
91322
91307
91294
91290
91265
91264
91251
91241
91241
91232
91225
91225
91190
91179
91179
91172
91170
91155
91143
91140
91139
91136
91121
91118
91113
91097
91074
91051
91048
91038
91034
91032
91024
91019
90999
90990
90977
90959
90955
90954
90951
90910
90900
90886
90886
90872
90868
90848
90847
90845
90826
90810
90801
90795
90778
90776
90759
90749
90747
90736
90727
90723
90720
90719
90716
90709
90697
90694
90654
90643
90635
90633
90631
90626
90614
90608
90597
90594
90594
90588
90573
90553
90553
90510
90504
90504
90486
90480
90468
90466
90465
90437
90437
90427
90422
90418
90406
90406
90396
90393
90378
90378
90369
90353
90345
90341
90330
90301
90297
90286
90286
90273
90246
90241
90240
90231
90231
90230
90206
90201
90194
90168
90163
90163
90159
90158
90146
90143
90140
90125
90111
90097
90095
90092
90075
90075
90054
90042
90034
90031
90027
90024
90024
90007
90005
90002
89997
89997
89964
89964
89963
89937
89920
89899
89885
89875
89867
89862
89851
89845
89841
89841
89836
89831
89817
89812
89804
89803
89795
89782
89776
89766
89749
89739
89717
89704
89700
89699
89666
89650
89650
89637
89635
89614
89601
89595
89593
89593
89585
89582
89578
89575
89570
89557
89539
89539
89539
89532
89526
89526
89514
89507
89498
89490
89459
89457
89446
89431
89428
89419
89397
89396
89395
89389
89386
89375
89372
89368
89368
89363
89358
89352
89333
89331
89312
89301
89294
89289
89289
89288
89274
89251
89242
89231
89226
89218
89214
89196
89191
89164
89141
89133
89120
89115
89104
89103
89097
89096
89087
89076
89053
88996
88981
88973
88966
88927
88923
88915
88906
88897
88885
88839
88835
88813
88811
88808
88801
88791
88777
88773
88756
88751
88741
88735
88705
88699
88696
88693
88689
88668
88664
88655
88647
88643
88643
88634
88617
88612
88600
88599
88597
88578
88556
88555
88547
88543
88541
88534
88520
88496
88486
88484
88483
88476
88468
88449
88444
88414
88391
88373
88371
88361
88357
88342
88337
88332
88324
88317
88284
88284
88262
88260
88252
88243
88239
88232
88227
88226
88222
88198
88197
88195
88192
88190
88186
88183
88183
88153
88151
88149
88143
88143
88105
88097
88090
88088
88075
88067
88047
88027
88025
88011
88010
87993
87937
87930
87927
87925
87908
87897
87888
87879
87853
87837
87834
87827
87819
87811
87810
87804
87746
87743
87712
87711
87678
87670
87654
87650
87644
87631
87620
87605
87593
87583
87559
87555
87553
87552
87552
87543
87509
87490
87486
87467
87452
87429
87428
87421
87420
87412
87408
87398
87395
87388
87368
87348
87327
87326
87326
87316
87298
87296
87295
87287
87283
87275
87271
87259
87241
87233
87222
87211
87210
87209
87207
87207
87199
87198
87194
87192
87172
87168
87142
87133
87107
87093
87092
87090
87080
87071
87067
87065
87054
87050
87027
87017
87011
87004
87001
87000
86984
86974
86956
86948
86944
86923
86902
86894
86885
86872
86861
86852
86848
86805
86798
86782
86770
86767
86760
86744
86735
86692
86680
86677
86664
86662
86660
86634
86634
86619
86593
86578
86528
86516
86479
86478
86466
86425
86423
86419
86411
86402
86383
86374
86366
86351
86346
86333
86331
86328
86321
86320
86313
86308
86296
86282
86279
86279
86264
86253
86252
86236
86235
86233
86218
86201
86199
86195
86167
86163
86159
86159
86156
86154
86150
86146
86140
86136
86118
86096
86089
86083
86077
86065
86053
86048
86045
86042
86029
86024
85999
85995
85981
85970
85968
85956
85955
85948
85931
85902
85902
85896
85893
85888
85887
85885
85883
85880
85871
85869
85852
85841
85824
85823
85798
85784
85780
85765
85741
85738
85736
85733
85725
85723
85712
85695
85684
85680
85675
85667
85662
85662
85656
85651
85645
85618
85593
85586
85580
85579
85559
85524
85512
85512
85462
85460
85449
85431
85425
85408
85388
85352
85350
85337
85330
85325
85316
85313
85290
85287
85228
85203
85191
85180
85164
85156
85152
85142
85116
85112
85110
85109
85103
85100
85099
85086
85086
85068
85055
85054
85053
85046
85040
85025
85015
85003
84980
84977
84977
84968
84937
84915
84904
84893
84888
84879
84873
84860
84853
84850
84838
84831
84827
84825
84815
84798
84779
84776
84773
84769
84768
84758
84747
84725
84721
84719
84711
84707
84706
84690
84690
84689
84688
84670
84662
84662
84647
84638
84629
84610
84608
84602
84600
84594
84594
84590
84588
84587
84575
84573
84570
84562
84558
84539
84522
84521
84502
84468
84468
84461
84441
84390
84385
84376
84357
84345
84340
84327
84317
84300
84287
84285
84274
84274
84272
84272
84266
84238
84222
84216
84214
84210
84197
84177
84165
84161
84160
84157
84149
84138
84137
84117
84114
84109
84107
84077
84075
84043
84027
84027
84023
84022
84021
84016
83990
83948
83943
83940
83923
83922
83916
83916
83904
83899
83896
83895
83881
83865
83862
83857
83845
83841
83831
83828
83823
83812
83809
83809
83806
83806
83804
83804
83797
83793
83786
83783
83771
83768
83756
83711
83698
83693
83686
83685
83684
83681
83674
83661
83658
83632
83606
83590
83587
83583
83575
83568
83548
83535
83526
83518
83514
83492
83489
83489
83480
83478
83464
83450
83449
83448
83447
83439
83438
83428
83428
83427
83403
83395
83392
83363
83353
83343
83334
83333
83330
83327
83322
83318
83311
83298
83286
83253
83251
83250
83243
83221
83211
83203
83186
83179
83163
83158
83139
83137
83136
83124
83114
83113
83092
83090
83090
83085
83081
83061
83059
83056
83028
83025
83018
83016
83013
82996
82996
82985
82972
82970
82967
82954
82954
82948
82940
82938
82938
82915
82913
82909
82908
82888
82885
82881
82878
82876
82845
82843
82819
82805
82803
82790
82789
82789
82785
82773
82754
82753
82740
82739
82729
82728
82718
82701
82690
82686
82684
82677
82643
82620
82620
82608
82583
82560
82555
82550
82528
82524
82522
82520
82501
82458
82448
82446
82424
82417
82409
82388
82380
82376
82367
82359
82345
82333
82322
82308
82298
82268
82256
82235
82235
82233
82208
82189
82176
82175
82172
82155
82147
82140
82118
82112
82111
82099
82085
82075
82074
82071
82052
82048
82040
82026
82025
82011
82001
82001
81968
81966
81953
81951
81921
81920
81910
81890
81862
81845
81836
81827
81816
81808
81798
81766
81740
81735
81703
81687
81685
81683
81676
81655
81647
81641
81613
81612
81601
81586
81543
81525
81502
81498
81495
81456
81450
81427
81408
81406
81397
81367
81365
81363
81357
81355
81351
81350
81349
81340
81335
81330
81278
81278
81275
81268
81268
81261
81260
81257
81254
81245
81233
81232
81228
81228
81226
81218
81202
81202
81198
81195
81167
81154
81150
81141
81139
81138
81122
81107
81102
81076
81066
81065
81051
81043
81014
81003
80998
80986
80954
80952
80934
80919
80896
80896
80894
80890
80885
80866
80865
80863
80862
80861
80860
80854
80854
80848
80842
80829
80819
80818
80808
80802
80791
80783
80780
80772
80771
80768
80750
80714
80702
80701
80701
80695
80690
80656
80650
80630
80628
80612
80595
80584
80577
80568
80566
80538
80515
80477
80474
80469
80441
80418
80400
80396
80389
80367
80366
80362
80359
80355
80329
80325
80314
80309
80302
80302
80267
80257
80251
80248
80214
80199
80165
80157
80141
80138
80134
80126
80121
80109
80101
80101
80100
80082
80075
80064
80036
80035
80022
80021
79999
79979
79972
79971
79966
79957
79944
79938
79935
79928
79923
79920
79917
79912
79908
79906
79905
79895
79890
79879
79875
79870
79867
79833
79817
79794
79776
79772
79764
79758
79757
79756
79740
79728
79704
79700
79694
79672
79665
79661
79660
79649
79649
79629
79626
79618
79605
79576
79571
79571
79535
79529
79505
79465
79465
79463
79450
79428
79418
79411
79411
79409
79407
79399
79394
79374
79371
79367
79355
79344
79338
79337
79325
79288
79278
79267
79262
79260
79249
79234
79219
79212
79186
79180
79175
79170
79161
79144
79133
79112
79105
79087
79063
79062
79060
79059
79045
79019
79014
79010
79004
79004
79001
78975
78968
78961
78961
78959
78957
78954
78946
78945
78944
78934
78932
78915
78899
78898
78886
78883
78881
78867
78847
78823
78804
78782
78778
78765
78763
78760
78754
78750
78738
78736
78735
78719
78714
78705
78694
78677
78666
78662
78661
78660
78657
78654
78651
78642
78639
78606
78602
78592
78590
78589
78580
78567
78565
78563
78558
78553
78543
78539
78534
78519
78507
78499
78499
78492
78486
78449
78446
78432
78418
78411
78403
78377
78376
78356
78293
78286
78272
78268
78221
78191
78189
78179
78168
78164
78162
78148
78131
78113
78108
78066
78064
78057
78056
78046
78035
77997
77994
77986
77980
77978
77928
77922
77922
77900
77882
77878
77874
77865
77851
77831
77825
77820
77815
77805
77803
77770
77770
77769
77764
77744
77743
77731
77728
77720
77714
77705
77700
77684
77679
77673
77673
77664
77652
77641
77611
77579
77558
77550
77545
77543
77539
77502
77498
77492
77488
77483
77477
77450
77444
77443
77432
77423
77408
77395
77379
77354
77348
77346
77343
77338
77331
77321
77309
77299
77297
77289
77288
77277
77273
77265
77255
77243
77236
77234
77232
77204
77187
77182
77181
77167
77155
77146
77117
77115
77087
77078
77054
77050
77049
77046
77031
77027
77007
77006
76991
76987
76930
76929
76925
76896
76896
76893
76888
76885
76882
76873
76862
76827
76821
76817
76815
76810
76810
76804
76793
76786
76778
76768
76753
76751
76746
76744
76734
76730
76718
76714
76675
76673
76673
76671
76670
76665
76665
76656
76642
76620
76609
76595
76567
76559
76554
76544
76543
76531
76527
76520
76517
76515
76486
76484
76483
76473
76467
76453
76441
76436
76419
76419
76403
76400
76399
76390
76380
76376
76361
76359
76356
76354
76338
76336
76321
76307
76298
76279
76263
76232
76226
76226
76225
76222
76213
76180
76180
76157
76142
76136
76136
76135
76119
76101
76096
76095
76066
76064
76056
76056
76052
76040
76034
76025
76021
75994
75989
75982
75981
75936
75904
75893
75893
75891
75886
75865
75859
75837
75833
75826
75825
75805
75801
75799
75797
75793
75788
75780
75775
75765
75752
75751
75742
75727
75717
75711
75703
75702
75698
75694
75656
75633
75625
75597
75597
75585
75579
75571
75556
75554
75552
75525
75523
75508
75499
75496
75488
75482
75477
75475
75464
75460
75459
75447
75445
75436
75428
75424
75403
75401
75384
75379
75368
75359
75353
75316
75307
75283
75275
75273
75262
75258
75255
75252
75246
75235
75234
75233
75229
75224
75222
75206
75203
75201
75189
75186
75125
75115
75104
75102
75082
75078
75077
75068
75062
75058
75048
75034
75029
75011
75007
75001
74989
74959
74941
74938
74928
74925
74925
74916
74915
74905
74884
74879
74858
74853
74852
74833
74832
74812
74810
74801
74784
74773
74770
74744
74726
74718
74694
74673
74673
74650
74638
74631
74623
74622
74612
74609
74599
74598
74594
74594
74590
74566
74563
74552
74549
74524
74514
74510
74505
74501
74495
74478
74473
74465
74462
74421
74421
74419
74413
74407
74391
74389
74389
74378
74352
74348
74336
74334
74324
74313
74276
74269
74261
74259
74255
74237
74234
74231
74224
74218
74217
74204
74203
74201
74171
74164
74163
74139
74118
74111
74109
74106
74106
74086
74084
74081
74081
74073
74028
73990
73956
73955
73937
73933
73918
73901
73890
73887
73887
73884
73876
73875
73852
73811
73800
73785
73784
73783
73772
73772
73770
73762
73760
73752
73743
73726
73723
73711
73708
73697
73695
73686
73686
73672
73664
73653
73641
73631
73627
73625
73624
73621
73614
73601
73590
73559
73550
73542
73513
73492
73492
73489
73475
73475
73466
73464
73463
73458
73457
73454
73447
73445
73436
73418
73416
73414
73408
73400
73384
73376
73376
73366
73342
73324
73312
73303
73282
73276
73274
73260
73243
73232
73216
73215
73188
73175
73151
73108
73088
73086
73079
73079
73067
73056
73053
73043
73034
73029
73022
73011
73007
73003
73000
72985
72970
72964
72948
72936
72913
72903
72902
72900
72891
72870
72861
72861
72860
72851
72827
72826
72825
72825
72819
72809
72808
72808
72806
72796
72791
72790
72746
72740
72738
72733
72722
72714
72711
72707
72699
72697
72629
72620
72615
72614
72605
72604
72603
72602
72591
72582
72581
72557
72557
72546
72545
72537
72536
72530
72526
72498
72485
72476
72472
72468
72449
72443
72429
72429
72415
72385
72376
72363
72349
72343
72340
72329
72325
72315
72307
72292
72289
72284
72283
72282
72273
72267
72262
72246
72242
72242
72241
72220
72190
72189
72183
72177
72166
72158
72158
72157
72152
72145
72140
72126
72118
72102
72100
72049
72048
72045
72016
72003
71999
71994
71990
71984
71962
71940
71940
71937
71936
71932
71925
71916
71912
71907
71905
71888
71887
71883
71881
71869
71863
71835
71833
71830
71823
71794
71793
71793
71767
71758
71753
71733
71731
71720
71711
71679
71645
71641
71625
71615
71605
71599
71574
71571
71566
71564
71531
71529
71526
71519
71517
71496
71495
71486
71484
71473
71469
71467
71466
71462
71455
71453
71443
71442
71441
71413
71370
71352
71347
71340
71315
71307
71297
71290
71289
71289
71284
71280
71279
71272
71254
71246
71233
71230
71219
71218
71181
71165
71159
71152
71149
71143
71138
71132
71132
71125
71119
71110
71104
71104
71097
71085
71075
71073
71052
71034
71029
71019
71017
71017
71014
70979
70979
70974
70970
70969
70967
70965
70963
70948
70944
70942
70924
70901
70887
70880
70870
70869
70862
70840
70839
70822
70811
70805
70789
70782
70780
70777
70763
70762
70752
70731
70722
70720
70716
70698
70661
70659
70657
70635
70630
70618
70607
70596
70584
70575
70572
70570
70552
70546
70538
70538
70535
70533
70532
70509
70507
70485
70483
70469
70429
70419
70390
70390
70389
70389
70374
70368
70366
70360
70359
70346
70343
70341
70309
70309
70307
70305
70301
70299
70274
70266
70241
70237
70233
70216
70212
70198
70194
70192
70177
70167
70158
70156
70155
70134
70120
70118
70110
70109
70109
70103
70103
70094
70082
70054
70036
70028
70025
70004
70004
69993
69991
69989
69980
69980
69968
69964
69959
69955
69954
69953
69932
69926
69908
69908
69905
69895
69894
69893
69892
69876
69875
69869
69862
69841
69837
69834
69834
69806
69805
69799
69789
69788
69781
69769
69768
69758
69748
69727
69724
69717
69710
69690
69679
69677
69654
69637
69633
69617
69611
69596
69572
69562
69545
69540
69530
69526
69520
69514
69503
69496
69496
69496
69486
69478
69469
69469
69440
69410
69388
69368
69365
69353
69339
69331
69330
69311
69309
69305
69304
69304
69302
69286
69277
69270
69267
69258
69257
69249
69245
69238
69234
69228
69218
69213
69211
69195
69185
69151
69141
69132
69125
69110
69109
69085
69080
69057
69045
69031
69027
69023
69012
68992
68988
68969
68965
68958
68952
68946
68936
68930
68913
68888
68885
68883
68870
68855
68850
68850
68843
68820
68816
68814
68805
68803
68798
68764
68763
68762
68753
68753
68731
68698
68687
68681
68663
68652
68627
68619
68588
68588
68584
68581
68576
68569
68568
68567
68566
68565
68559
68550
68549
68545
68544
68528
68518
68514
68514
68504
68499
68495
68491
68479
68450
68435
68432
68427
68421
68419
68416
68406
68397
68396
68373
68370
68370
68365
68362
68361
68353
68349
68339
68337
68332
68320
68310
68309
68305
68301
68298
68266
68260
68248
68243
68234
68232
68190
68183
68165
68102
68102
68088
68084
68081
68069
68058
68043
68034
68025
68020
68016
68005
67999
67976
67971
67966
67957
67954
67943
67933
67930
67911
67907
67892
67884
67882
67870
67840
67819
67816
67791
67787
67786
67784
67775
67760
67757
67757
67754
67752
67751
67743
67742
67734
67733
67727
67709
67704
67699
67685
67675
67673
67668
67638
67632
67624
67624
67594
67591
67586
67586
67552
67548
67512
67511
67508
67496
67468
67464
67454
67450
67437
67437
67430
67393
67390
67385
67369
67364
67360
67360
67347
67343
67337
67334
67331
67313
67307
67292
67286
67281
67278
67273
67255
67240
67228
67225
67225
67219
67206
67193
67175
67169
67159
67143
67140
67132
67087
67086
67079
67076
67071
67070
67068
67057
67051
67025
67010
67007
67006
66988
66988
66976
66968
66890
66872
66870
66861
66858
66858
66858
66838
66820
66820
66806
66802
66791
66765
66761
66754
66735
66734
66728
66710
66698
66692
66688
66674
66652
66644
66642
66637
66634
66627
66619
66610
66600
66585
66570
66561
66554
66550
66538
66535
66516
66484
66483
66479
66470
66464
66457
66444
66431
66428
66406
66393
66390
66384
66378
66377
66369
66350
66347
66337
66325
66316
66300
66300
66300
66298
66289
66284
66282
66233
66231
66228
66218
66208
66203
66197
66188
66181
66173
66159
66157
66135
66122
66118
66099
66091
66086
66073
66069
66066
66060
66060
66052
66034
66025
66015
66010
66002
65996
65991
65990
65983
65961
65936
65932
65914
65909
65900
65879
65871
65856
65833
65822
65810
65782
65762
65753
65751
65747
65741
65733
65695
65678
65643
65618
65583
65579
65559
65555
65526
65524
65505
65502
65476
65442
65420
65399
65366
65365
65357
65334
65333
65333
65328
65321
65316
65313
65283
65282
65270
65265
65253
65246
65238
65230
65201
65195
65188
65176
65159
65108
65099
65088
65051
65045
65033
65027
65024
65021
65020
65010
64988
64984
64964
64963
64961
64956
64952
64944
64932
64931
64915
64907
64902
64889
64888
64879
64851
64805
64797
64782
64777
64771
64768
64757
64735
64734
64731
64725
64716
64695
64669
64659
64635
64630
64618
64612
64600
64598
64587
64575
64562
64549
64537
64522
64521
64505
64490
64482
64468
64468
64467
64424
64419
64397
64345
64339
64333
64329
64317
64309
64285
64283
64283
64276
64275
64273
64273
64257
64254
64254
64245
64232
64231
64229
64215
64208
64208
64205
64203
64200
64183
64170
64163
64147
64146
64136
64133
64123
64122
64104
64091
64089
64083
64081
64077
64070
64068
64067
64059
64054
64053
64038
64037
64016
64011
63987
63974
63956
63915
63894
63880
63877
63877
63873
63858
63857
63857
63856
63847
63842
63830
63825
63822
63817
63799
63782
63771
63766
63719
63711
63701
63693
63692
63686
63683
63631
63628
63618
63616
63615
63614
63585
63563
63563
63560
63559
63539
63522
63522
63507
63507
63497
63489
63488
63483
63479
63473
63466
63464
63461
63460
63434
63431
63416
63394
63392
63376
63376
63359
63326
63318
63314
63295
63292
63279
63266
63260
63253
63251
63248
63230
63219
63211
63210
63206
63174
63152
63147
63112
63094
63093
63086
63085
63080
63058
63043
63039
63036
63009
63003
62994
62990
62975
62965
62961
62958
62945
62940
62935
62934
62930
62917
62915
62903
62888
62887
62881
62879
62876
62871
62869
62864
62851
62837
62832
62806
62794
62792
62784
62764
62762
62752
62748
62745
62738
62731
62729
62729
62729
62714
62711
62703
62701
62666
62650
62648
62646
62641
62618
62618
62609
62605
62592
62584
62574
62539
62526
62505
62488
62483
62481
62480
62449
62447
62445
62442
62423
62405
62400
62378
62371
62353
62350
62345
62344
62330
62326
62325
62323
62315
62307
62303
62292
62268
62242
62241
62228
62223
62206
62191
62177
62173
62173
62151
62148
62147
62136
62121
62106
62101
62094
62088
62079
62079
62078
62075
62075
62072
62058
62036
62032
62018
62012
61989
61960
61960
61944
61923
61921
61908
61899
61885
61881
61872
61868
61864
61863
61853
61848
61835
61824
61824
61821
61820
61793
61790
61788
61785
61762
61734
61729
61724
61721
61703
61691
61681
61669
61659
61656
61640
61617
61607
61604
61594
61586
61586
61582
61566
61552
61548
61538
61533
61494
61469
61464
61459
61453
61452
61447
61427
61415
61410
61397
61372
61371
61328
61319
61314
61312
61301
61292
61269
61262
61260
61255
61252
61213
61207
61184
61181
61155
61151
61146
61139
61123
61112
61101
61094
61085
61072
61071
61058
61050
61017
61015
61002
60999
60996
60987
60985
60974
60973
60968
60966
60917
60915
60887
60886
60881
60874
60874
60866
60865
60860
60859
60823
60808
60788
60785
60773
60771
60758
60756
60755
60753
60750
60747
60740
60733
60733
60722
60721
60719
60682
60680
60677
60675
60666
60658
60642
60629
60625
60623
60573
60545
60527
60510
60494
60491
60479
60476
60448
60444
60442
60440
60435
60424
60421
60412
60401
60389
60377
60357
60349
60339
60321
60319
60317
60307
60301
60284
60212
60207
60197
60194
60194
60184
60166
60156
60154
60116
60110
60103
60085
60079
60073
60062
60036
60033
60032
60030
60010
60001
60001
60000
59993
59990
59990
59986
59986
59973
59966
59964
59955
59930
59925
59902
59892
59819
59788
59788
59777
59763
59760
59755
59742
59714
59680
59679
59677
59665
59636
59635
59629
59623
59611
59603
59559
59545
59520
59501
59499
59483
59476
59469
59467
59455
59452
59447
59445
59444
59438
59434
59434
59409
59395
59389
59386
59379
59372
59352
59341
59341
59340
59339
59331
59329
59320
59319
59298
59294
59289
59279
59268
59266
59261
59252
59243
59242
59212
59206
59201
59200
59194
59189
59168
59166
59146
59142
59137
59135
59132
59127
59126
59121
59120
59101
59101
59095
59064
59060
59059
59053
59046
59043
59037
59037
59020
59005
58988
58982
58974
58973
58965
58957
58931
58931
58920
58898
58875
58867
58860
58849
58847
58845
58836
58829
58811
58798
58779
58779
58777
58767
58760
58741
58737
58734
58731
58701
58686
58670
58670
58668
58651
58635
58632
58627
58621
58619
58619
58617
58616
58608
58607
58587
58587
58573
58558
58534
58531
58518
58516
58511
58503
58501
58491
58482
58474
58450
58435
58433
58427
58417
58414
58411
58389
58388
58380
58376
58371
58345
58342
58299
58288
58278
58261
58253
58243
58241
58238
58234
58221
58219
58206
58204
58185
58184
58173
58158
58143
58140
58108
58097
58089
58085
58085
58080
58078
58074
58060
58055
58055
58053
58041
58009
57998
57979
57945
57941
57913
57911
57906
57898
57885
57875
57865
57864
57863
57838
57818
57805
57801
57761
57760
57753
57740
57728
57718
57717
57703
57688
57685
57668
57668
57666
57658
57657
57650
57644
57615
57611
57608
57600
57588
57587
57587
57575
57572
57557
57554
57553
57542
57540
57536
57531
57522
57517
57513
57500
57476
57473
57469
57460
57445
57438
57416
57402
57402
57402
57396
57389
57381
57379
57360
57357
57334
57319
57303
57303
57299
57291
57282
57273
57263
57254
57250
57226
57216
57212
57212
57208
57193
57192
57189
57187
57095
57094
57087
57074
57055
57036
57031
57028
57009
57000
56997
56991
56983
56974
56965
56962
56961
56960
56937
56921
56878
56860
56852
56803
56791
56785
56768
56766
56739
56726
56719
56710
56707
56688
56685
56680
56670
56650
56641
56624
56623
56623
56621
56602
56599
56597
56590
56565
56554
56553
56541
56537
56528
56527
56515
56514
56512
56509
56472
56458
56411
56407
56352
56342
56329
56318
56315
56304
56303
56302
56300
56293
56292
56283
56266
56241
56233
56231
56226
56223
56222
56221
56215
56206
56201
56201
56201
56195
56189
56184
56179
56174
56166
56166
56163
56160
56098
56074
56069
56067
56054
56053
56047
56027
56024
56022
56010
56001
55962
55956
55929
55928
55909
55901
55887
55879
55875
55863
55860
55827
55807
55790
55785
55770
55743
55734
55721
55705
55690
55684
55678
55673
55668
55656
55652
55643
55642
55630
55629
55628
55619
55608
55603
55598
55591
55573
55572
55567
55556
55552
55544
55509
55494
55485
55478
55458
55457
55440
55427
55424
55382
55377
55368
55364
55358
55356
55346
55339
55330
55320
55304
55296
55273
55253
55252
55250
55242
55241
55240
55231
55220
55214
55200
55183
55179
55173
55161
55157
55153
55143
55141
55138
55113
55111
55102
55096
55095
55092
55073
55068
55055
55048
55040
55036
55018
55006
55000
54976
54950
54932
54917
54905
54885
54876
54870
54859
54827
54817
54815
54814
54800
54799
54766
54762
54734
54730
54729
54727
54724
54717
54717
54690
54679
54662
54641
54632
54631
54623
54621
54614
54599
54590
54582
54581
54579
54548
54527
54523
54513
54509
54486
54477
54475
54461
54444
54425
54417
54411
54407
54407
54402
54329
54326
54313
54296
54290
54286
54266
54258
54253
54252
54237
54228
54223
54217
54201
54177
54176
54167
54153
54150
54147
54135
54131
54116
54114
54113
54102
54082
54082
54078
54076
54066
54064
54049
54048
54043
54015
54006
53995
53993
53970
53966
53959
53951
53935
53923
53916
53877
53875
53872
53822
53820
53815
53811
53800
53799
53798
53793
53791
53787
53787
53782
53724
53712
53704
53702
53677
53669
53665
53652
53647
53645
53624
53621
53590
53578
53560
53548
53548
53535
53516
53511
53507
53503
53502
53484
53461
53431
53422
53416
53409
53403
53398
53389
53383
53381
53366
53366
53365
53358
53336
53334
53323
53314
53295
53291
53282
53256
53239
53219
53212
53197
53189
53170
53170
53157
53152
53149
53141
53130
53128
53126
53113
53112
53108
53105
53098
53090
53088
53072
53061
53051
53047
53038
53020
53009
53008
53004
53001
52990
52987
52985
52970
52970
52969
52959
52958
52957
52957
52946
52938
52933
52925
52905
52903
52895
52884
52873
52869
52865
52859
52851
52841
52838
52831
52825
52822
52817
52807
52774
52773
52772
52752
52743
52738
52726
52726
52703
52697
52652
52633
52622
52622
52607
52602
52601
52599
52594
52593
52586
52576
52573
52559
52543
52517
52493
52481
52478
52458
52456
52413
52412
52400
52378
52365
52363
52346
52345
52343
52337
52326
52326
52321
52316
52290
52278
52271
52252
52247
52234
52225
52217
52217
52217
52205
52201
52196
52183
52182
52167
52115
52100
52070
52034
52007
51994
51983
51979
51974
51969
51939
51909
51885
51879
51861
51854
51851
51847
51846
51829
51818
51817
51811
51810
51801
51779
51771
51765
51754
51743
51733
51731
51729
51729
51722
51716
51714
51697
51692
51688
51685
51674
51659
51641
51636
51629
51603
51589
51586
51565
51529
51525
51524
51518
51518
51505
51499
51493
51491
51490
51489
51488
51484
51457
51457
51434
51427
51427
51418
51416
51407
51401
51396
51389
51372
51365
51355
51351
51348
51341
51329
51301
51301
51299
51294
51291
51268
51225
51219
51209
51207
51204
51195
51192
51181
51162
51152
51149
51129
51126
51126
51099
51096
51094
51086
51084
51081
51080
51079
51077
51076
51073
51072
51068
51068
51058
51043
51042
51034
51030
51023
51009
51009
50995
50977
50972
50956
50948
50935
50930
50923
50922
50895
50894
50885
50876
50870
50869
50821
50797
50788
50786
50762
50760
50732
50715
50713
50711
50702
50700
50700
50700
50696
50679
50671
50669
50667
50661
50642
50639
50637
50622
50619
50592
50550
50543
50535
50534
50534
50524
50517
50514
50511
50482
50467
50465
50455
50455
50449
50424
50423
50420
50411
50397
50382
50373
50371
50346
50329
50317
50315
50304
50293
50289
50285
50278
50270
50264
50254
50249
50243
50227
50224
50220
50220
50210
50206
50195
50180
50178
50156
50145
50141
50120
50117
50116
50114
50113
50087
50082
50055
50051
50047
50044
50044
50023
50006
50005
49998
49979
49979
49976
49968
49953
49936
49935
49903
49900
49887
49875
49874
49873
49872
49865
49865
49861
49833
49824
49820
49813
49780
49780
49770
49752
49741
49736
49714
49701
49692
49683
49666
49661
49653
49650
49648
49647
49638
49623
49619
49606
49605
49600
49597
49596
49595
49526
49501
49489
49482
49472
49459
49447
49446
49437
49435
49433
49422
49400
49391
49379
49374
49359
49343
49335
49329
49321
49304
49296
49283
49282
49278
49275
49269
49258
49255
49238
49232
49231
49222
49192
49187
49181
49166
49153
49145
49131
49129
49108
49096
49089
49086
49055
49036
49032
49028
49002
48983
48981
48972
48969
48967
48963
48952
48944
48940
48932
48919
48904
48896
48894
48883
48859
48835
48832
48831
48825
48822
48822
48814
48811
48791
48786
48782
48768
48767
48735
48717
48701
48700
48696
48687
48668
48656
48650
48621
48617
48606
48604
48602
48596
48593
48582
48579
48575
48551
48547
48539
48533
48532
48500
48487
48482
48479
48476
48452
48452
48447
48437
48428
48422
48408
48401
48398
48370
48362
48346
48329
48327
48324
48323
48310
48302
48300
48290
48270
48261
48256
48250
48234
48234
48221
48218
48211
48209
48200
48196
48168
48158
48147
48142
48142
48127
48127
48120
48108
48108
48083
48083
48080
48068
48067
48043
48041
48040
48025
48009
47993
47986
47985
47981
47975
47970
47959
47957
47955
47948
47919
47895
47852
47847
47837
47836
47834
47831
47829
47781
47765
47743
47741
47740
47730
47704
47694
47686
47683
47677
47636
47634
47630
47630
47627
47612
47592
47569
47545
47533
47529
47523
47520
47519
47512
47501
47485
47473
47466
47465
47461
47453
47447
47431
47429
47405
47402
47394
47389
47388
47373
47370
47360
47351
47335
47335
47332
47306
47295
47288
47276
47255
47235
47234
47233
47211
47210
47207
47206
47206
47190
47188
47186
47183
47182
47158
47144
47123
47111
47101
47099
47082
47081
47080
47078
47056
47051
47051
47025
47022
47013
47009
46998
46995
46956
46949
46945
46931
46928
46910
46908
46897
46892
46888
46880
46879
46837
46800
46793
46784
46783
46781
46756
46753
46750
46729
46728
46727
46727
46707
46700
46678
46676
46668
46665
46665
46663
46650
46614
46609
46606
46592
46591
46542
46541
46532
46529
46523
46520
46484
46462
46420
46416
46395
46380
46371
46326
46324
46312
46308
46305
46303
46275
46271
46271
46257
46256
46256
46249
46240
46237
46227
46212
46203
46196
46191
46166
46148
46103
46100
46098
46086
46080
46072
46071
46069
46063
46052
46034
46021
46005
46002
45997
45994
45971
45969
45965
45959
45953
45938
45923
45907
45871
45868
45864
45859
45839
45838
45818
45815
45800
45790
45784
45783
45777
45767
45751
45739
45733
45722
45710
45710
45687
45680
45668
45666
45661
45639
45637
45630
45630
45620
45601
45591
45567
45548
45531
45524
45444
45432
45407
45391
45382
45378
45377
45335
45322
45320
45280
45279
45251
45246
45245
45242
45216
45212
45210
45209
45209
45204
45190
45188
45174
45153
45136
45115
45113
45093
45093
45090
45065
45064
45046
45040
45037
45032
45028
45019
45005
45000
44994
44964
44953
44949
44945
44943
44943
44928
44918
44905
44903
44903
44891
44886
44880
44876
44873
44851
44841
44836
44817
44808
44807
44804
44789
44767
44759
44755
44754
44737
44732
44730
44725
44722
44711
44702
44699
44688
44640
44640
44628
44611
44604
44599
44583
44570
44567
44550
44540
44529
44527
44526
44520
44497
44493
44491
44476
44470
44470
44465
44447
44446
44422
44420
44410
44407
44379
44374
44356
44352
44332
44330
44290
44283
44280
44261
44256
44255
44252
44240
44233
44231
44222
44213
44170
44168
44162
44137
44137
44130
44115
44112
44111
44103
44101
44091
44088
44081
44072
44040
44033
44029
44028
44028
44027
44016
44009
44008
44005
43995
43993
43987
43982
43980
43960
43958
43957
43952
43946
43874
43855
43844
43834
43833
43827
43819
43778
43753
43740
43739
43732
43728
43727
43722
43712
43706
43699
43688
43679
43673
43668
43666
43654
43635
43619
43615
43614
43595
43585
43584
43573
43565
43565
43559
43552
43541
43486
43484
43483
43464
43437
43431
43429
43428
43425
43419
43412
43408
43390
43390
43390
43386
43385
43372
43369
43347
43338
43334
43329
43314
43301
43274
43268
43260
43239
43232
43216
43214
43213
43211
43207
43188
43180
43169
43150
43140
43137
43111
43102
43094
43078
43075
43071
43062
43050
43046
43038
43036
43034
43034
43033
43031
43030
43026
43024
43018
43006
43004
42997
42984
42981
42974
42970
42965
42959
42957
42930
42921
42882
42874
42819
42800
42795
42794
42785
42752
42749
42744
42711
42709
42706
42702
42683
42673
42665
42656
42652
42651
42648
42648
42622
42618
42606
42598
42585
42566
42540
42539
42512
42508
42488
42444
42442
42436
42429
42403
42390
42380
42367
42361
42328
42318
42317
42314
42306
42306
42299
42287
42277
42269
42236
42226
42225
42219
42219
42208
42202
42200
42199
42196
42195
42179
42176
42165
42161
42151
42146
42146
42142
42125
42122
42116
42105
42103
42089
42071
42065
42053
42046
42035
42018
42004
41994
41989
41989
41984
41982
41977
41977
41974
41970
41963
41948
41920
41909
41905
41859
41859
41855
41841
41837
41824
41782
41780
41760
41755
41751
41750
41743
41734
41732
41731
41698
41693
41687
41684
41683
41679
41672
41666
41659
41646
41628
41613
41603
41601
41597
41591
41588
41561
41545
41542
41536
41526
41522
41520
41515
41515
41505
41486
41476
41469
41460
41457
41450
41448
41440
41435
41430
41408
41383
41369
41362
41350
41346
41340
41336
41332
41329
41328
41326
41321
41318
41315
41313
41248
41246
41246
41245
41241
41241
41228
41208
41203
41187
41170
41161
41126
41120
41117
41105
41101
41089
41079
41070
41059
41055
41047
41033
41025
41018
41011
40981
40979
40978
40974
40962
40951
40949
40945
40940
40916
40906
40900
40896
40886
40872
40871
40871
40851
40849
40826
40795
40793
40793
40791
40789
40780
40772
40767
40764
40745
40719
40717
40699
40678
40668
40667
40666
40636
40624
40622
40588
40584
40574
40563
40561
40528
40511
40506
40495
40494
40483
40476
40475
40456
40453
40394
40364
40360
40357
40346
40344
40329
40315
40303
40285
40278
40269
40263
40246
40241
40240
40236
40226
40217
40211
40207
40204
40198
40198
40194
40193
40192
40185
40180
40176
40171
40166
40166
40164
40163
40153
40149
40148
40146
40144
40143
40137
40131
40129
40120
40076
40032
40032
40031
40025
40001
40000
39991
39990
39986
39984
39979
39974
39969
39964
39955
39939
39938
39938
39934
39932
39875
39870
39842
39837
39832
39831
39826
39799
39791
39776
39769
39769
39767
39752
39744
39743
39728
39723
39703
39701
39697
39693
39691
39687
39684
39681
39649
39645
39629
39622
39613
39593
39561
39547
39543
39542
39533
39517
39516
39501
39498
39497
39481
39465
39465
39460
39426
39426
39423
39390
39384
39381
39380
39371
39364
39364
39357
39357
39348
39325
39324
39322
39320
39315
39313
39307
39303
39301
39286
39282
39278
39251
39244
39224
39210
39203
39203
39185
39161
39154
39143
39140
39123
39119
39115
39111
39110
39096
39091
39064
39036
39022
39013
39007
38991
38987
38987
38987
38975
38963
38956
38953
38929
38923
38923
38917
38888
38884
38874
38869
38846
38835
38829
38817
38815
38808
38795
38792
38778
38749
38737
38726
38705
38695
38693
38680
38672
38667
38654
38653
38645
38637
38635
38628
38625
38598
38580
38577
38575
38568
38565
38564
38556
38553
38552
38551
38546
38528
38524
38518
38508
38494
38489
38487
38471
38465
38457
38436
38427
38412
38389
38354
38306
38292
38286
38268
38239
38216
38198
38175
38166
38163
38147
38142
38138
38135
38135
38127
38121
38120
38120
38112
38110
38109
38106
38104
38104
38101
38101
38098
38086
38078
38076
38076
38063
38043
38037
38036
38009
37997
37988
37958
37943
37943
37922
37905
37891
37866
37862
37854
37852
37840
37829
37825
37805
37778
37778
37775
37773
37771
37758
37739
37728
37726
37718
37684
37666
37663
37656
37642
37612
37612
37605
37602
37601
37542
37537
37531
37523
37510
37504
37495
37493
37485
37461
37459
37436
37425
37425
37418
37416
37413
37403
37401
37394
37378
37370
37367
37353
37351
37351
37350
37341
37339
37322
37316
37305
37304
37303
37301
37295
37282
37281
37278
37274
37250
37228
37217
37202
37196
37191
37183
37180
37148
37148
37129
37125
37115
37112
37094
37086
37040
37038
37037
37003
36997
36993
36992
36983
36970
36968
36949
36940
36939
36938
36933
36927
36917
36908
36902
36883
36874
36860
36852
36844
36842
36839
36823
36817
36816
36806
36800
36799
36797
36780
36750
36748
36717
36699
36697
36675
36653
36626
36620
36615
36608
36574
36550
36538
36532
36530
36530
36518
36486
36475
36475
36441
36424
36418
36404
36404
36387
36386
36378
36376
36371
36331
36328
36327
36294
36290
36287
36278
36275
36263
36240
36232
36214
36209
36208
36204
36183
36171
36171
36160
36158
36157
36147
36113
36087
36079
36079
36065
36053
36050
36013
36004
36002
36001
35999
35994
35985
35962
35952
35952
35936
35924
35893
35889
35875
35859
35853
35827
35827
35826
35819
35811
35811
35788
35785
35763
35755
35744
35736
35719
35708
35706
35705
35699
35683
35682
35672
35653
35646
35643
35642
35634
35632
35623
35613
35612
35602
35595
35576
35567
35552
35524
35520
35513
35508
35487
35485
35479
35475
35456
35454
35454
35448
35448
35431
35415
35410
35408
35406
35404
35395
35388
35371
35361
35360
35353
35353
35347
35345
35327
35326
35326
35317
35317
35298
35281
35264
35263
35244
35227
35223
35193
35181
35169
35137
35137
35129
35116
35110
35104
35101
35077
35071
35067
35062
35059
35059
35046
35040
35031
35030
35003
34993
34983
34969
34958
34941
34931
34923
34915
34909
34909
34895
34894
34887
34869
34864
34840
34827
34806
34805
34799
34796
34777
34771
34769
34760
34759
34743
34725
34723
34722
34715
34691
34673
34654
34644
34639
34635
34566
34558
34555
34538
34531
34528
34528
34526
34517
34512
34510
34493
34489
34471
34456
34454
34447
34413
34400
34383
34381
34365
34358
34356
34349
34344
34326
34323
34315
34313
34308
34300
34274
34271
34270
34247
34239
34234
34222
34215
34210
34194
34185
34183
34180
34172
34164
34162
34156
34147
34145
34139
34130
34123
34108
34108
34108
34079
34077
34073
34071
34051
34043
34019
34016
34008
34001
33992
33980
33964
33943
33940
33937
33931
33910
33906
33896
33896
33892
33871
33843
33837
33833
33833
33827
33822
33822
33797
33791
33788
33775
33764
33744
33742
33731
33727
33726
33720
33690
33674
33674
33669
33652
33646
33639
33636
33633
33632
33622
33609
33595
33578
33577
33574
33572
33560
33546
33544
33537
33521
33520
33510
33507
33500
33478
33425
33418
33394
33392
33378
33365
33360
33357
33319
33301
33296
33294
33293
33290
33288
33287
33286
33284
33245
33235
33218
33200
33199
33191
33165
33157
33151
33146
33132
33130
33127
33126
33098
33074
33047
33039
33033
33030
33028
33022
33022
33022
32979
32978
32975
32971
32946
32941
32927
32923
32915
32909
32885
32870
32859
32852
32828
32827
32817
32815
32805
32801
32793
32791
32779
32770
32758
32723
32720
32718
32708
32695
32674
32655
32651
32649
32641
32635
32629
32625
32613
32610
32609
32590
32572
32570
32562
32538
32531
32524
32511
32497
32477
32476
32461
32460
32453
32438
32386
32374
32374
32357
32350
32341
32335
32329
32322
32316
32302
32295
32283
32278
32276
32266
32251
32241
32240
32234
32227
32218
32214
32208
32184
32178
32164
32144
32140
32129
32113
32111
32111
32095
32093
32093
32079
32066
32062
32062
32040
32039
32014
32011
32003
32000
31979
31952
31946
31934
31923
31915
31901
31899
31897
31892
31890
31889
31885
31883
31874
31865
31859
31853
31850
31846
31844
31821
31799
31793
31785
31779
31746
31741
31728
31726
31701
31695
31690
31679
31677
31665
31665
31659
31634
31631
31630
31628
31612
31605
31604
31603
31598
31591
31587
31586
31583
31551
31546
31545
31536
31532
31531
31526
31521
31505
31500
31480
31468
31467
31465
31452
31449
31420
31411
31408
31406
31399
31388
31388
31379
31370
31370
31367
31367
31365
31359
31344
31310
31301
31288
31275
31266
31261
31258
31232
31232
31231
31228
31205
31195
31189
31189
31169
31169
31160
31153
31150
31134
31128
31119
31103
31015
30992
30971
30966
30956
30952
30949
30947
30946
30945
30938
30933
30931
30926
30922
30912
30900
30890
30874
30857
30849
30826
30744
30735
30732
30730
30723
30721
30711
30705
30689
30685
30677
30668
30657
30656
30636
30635
30631
30612
30598
30597
30584
30578
30574
30570
30561
30556
30549
30535
30511
30506
30498
30486
30469
30461
30460
30453
30444
30438
30434
30400
30392
30385
30353
30337
30316
30312
30308
30297
30283
30282
30278
30277
30273
30272
30264
30256
30249
30228
30214
30213
30194
30191
30178
30177
30169
30155
30155
30145
30131
30131
30117
30092
30070
30056
30033
30014
30011
30011
30003
30001
29997
29971
29958
29942
29927
29923
29920
29919
29907
29894
29885
29880
29877
29870
29865
29861
29855
29854
29842
29836
29828
29826
29824
29820
29799
29787
29775
29772
29769
29761
29749
29741
29741
29724
29702
29699
29694
29693
29683
29679
29676
29654
29651
29646
29640
29636
29622
29620
29610
29605
29594
29591
29571
29568
29564
29547
29547
29546
29533
29517
29515
29489
29472
29472
29449
29432
29431
29419
29414
29398
29397
29392
29389
29376
29358
29330
29317
29316
29276
29264
29261
29244
29234
29214
29203
29192
29191
29141
29125
29121
29109
29086
29073
29072
29071
29066
29057
29049
29042
29032
29032
29028
29015
28998
28981
28973
28969
28965
28962
28931
28924
28920
28911
28890
28887
28883
28878
28868
28863
28863
28846
28799
28786
28772
28764
28763
28749
28749
28746
28735
28722
28701
28672
28659
28653
28645
28633
28627
28619
28612
28598
28587
28568
28550
28546
28543
28525
28514
28508
28507
28491
28478
28478
28459
28440
28420
28399
28393
28383
28368
28363
28356
28346
28345
28324
28263
28257
28251
28249
28242
28239
28237
28231
28214
28209
28140
28131
28129
28114
28103
28094
28082
28073
28056
28041
28022
28020
28018
28018
28016
28014
28005
28001
27986
27984
27980
27974
27962
27947
27931
27927
27920
27918
27907
27907
27905
27904
27888
27878
27874
27873
27866
27865
27859
27848
27811
27809
27806
27803
27783
27766
27763
27757
27739
27721
27712
27697
27695
27683
27677
27676
27665
27663
27656
27653
27643
27634
27622
27589
27578
27565
27544
27535
27527
27524
27520
27506
27506
27505
27501
27499
27497
27488
27477
27467
27462
27459
27453
27449
27438
27403
27398
27373
27370
27352
27352
27344
27322
27314
27295
27263
27248
27227
27226
27225
27220
27199
27192
27189
27188
27182
27164
27143
27140
27136
27130
27103
27096
27077
27075
27073
27065
27061
27054
27050
27040
27036
27035
27023
27006
27000
26982
26973
26959
26958
26957
26955
26943
26937
26930
26915
26898
26892
26878
26876
26871
26865
26843
26830
26822
26814
26800
26800
26786
26772
26763
26763
26745
26743
26731
26725
26725
26713
26678
26676
26664
26661
26636
26626
26626
26622
26621
26613
26610
26595
26584
26584
26580
26578
26558
26555
26555
26553
26546
26539
26537
26530
26523
26517
26515
26501
26496
26486
26472
26458
26451
26440
26429
26421
26418
26416
26383
26379
26364
26362
26356
26356
26354
26352
26335
26318
26309
26299
26286
26283
26244
26242
26241
26238
26230
26218
26194
26184
26172
26162
26130
26129
26127
26113
26111
26107
26095
26094
26087
26084
26082
26075
26070
26062
26061
26059
26037
26023
26008
26001
26000
25975
25973
25951
25946
25943
25938
25935
25871
25866
25862
25856
25852
25851
25836
25834
25824
25820
25797
25769
25758
25747
25727
25719
25713
25712
25700
25696
25696
25684
25673
25668
25662
25662
25655
25646
25628
25623
25621
25619
25601
25600
25587
25554
25545
25536
25523
25505
25481
25468
25461
25446
25443
25441
25429
25404
25392
25388
25385
25370
25364
25348
25325
25319
25318
25318
25312
25300
25295
25289
25275
25248
25245
25233
25232
25214
25191
25186
25169
25161
25145
25142
25135
25125
25125
25107
25098
25095
25052
25043
25030
25027
25027
25026
25007
25007
24969
24950
24939
24938
24917
24910
24910
24885
24885
24880
24869
24865
24861
24847
24824
24819
24819
24813
24805
24800
24796
24775
24769
24753
24722
24721
24716
24710
24690
24684
24681
24664
24649
24648
24633
24629
24614
24593
24588
24580
24576
24548
24543
24514
24503
24496
24479
24468
24464
24452
24428
24425
24422
24396
24383
24367
24350
24347
24342
24331
24330
24309
24306
24304
24274
24265
24254
24252
24249
24247
24243
24220
24210
24131
24125
24116
24100
24098
24089
24085
24078
24028
24019
24001
24001
23995
23986
23931
23923
23901
23889
23883
23874
23871
23869
23862
23844
23833
23809
23801
23789
23784
23758
23744
23736
23732
23718
23716
23713
23691
23680
23676
23674
23646
23639
23637
23628
23624
23612
23611
23604
23601
23597
23595
23585
23578
23564
23560
23556
23550
23545
23542
23526
23508
23505
23461
23460
23454
23450
23437
23426
23421
23415
23388
23388
23378
23364
23351
23342
23339
23324
23323
23318
23316
23301
23279
23275
23249
23217
23211
23198
23189
23174
23173
23165
23144
23109
23108
23100
23095
23085
23075
23072
23058
23040
23033
23031
23027
23019
23015
23004
22998
22995
22993
22989
22978
22968
22942
22927
22922
22921
22921
22887
22867
22855
22843
22843
22818
22815
22814
22800
22786
22766
22761
22752
22733
22712
22711
22696
22695
22675
22648
22630
22622
22614
22596
22586
22542
22529
22529
22518
22513
22510
22501
22498
22492
22491
22465
22452
22450
22449
22428
22426
22424
22418
22416
22358
22352
22352
22350
22343
22320
22302
22297
22280
22248
22224
22215
22212
22210
22195
22194
22193
22185
22156
22137
22135
22126
22112
22110
22103
22099
22098
22048
22036
22035
22029
22025
22014
21997
21976
21964
21935
21928
21919
21918
21898
21892
21866
21856
21854
21844
21831
21825
21806
21805
21794
21793
21779
21744
21739
21736
21736
21725
21725
21714
21707
21691
21682
21670
21657
21650
21649
21647
21644
21631
21626
21621
21619
21616
21613
21611
21599
21572
21571
21568
21566
21562
21558
21555
21548
21546
21539
21529
21466
21433
21413
21402
21401
21396
21388
21379
21342
21333
21328
21321
21315
21298
21290
21287
21282
21274
21266
21237
21209
21204
21184
21175
21174
21171
21169
21158
21151
21143
21138
21133
21125
21119
21118
21113
21103
21091
21091
21082
21081
21074
21064
21063
21033
21030
21018
21010
21000
20995
20977
20977
20974
20970
20964
20963
20931
20929
20927
20922
20919
20913
20906
20904
20898
20880
20863
20861
20861
20859
20844
20790
20783
20774
20770
20764
20746
20745
20718
20714
20702
20695
20683
20682
20676
20667
20654
20651
20647
20606
20563
20562
20548
20531
20525
20514
20506
20502
20487
20486
20480
20460
20423
20411
20390
20386
20358
20349
20322
20301
20297
20288
20285
20271
20259
20240
20190
20184
20134
20128
20121
20121
20103
20070
20069
20066
20061
20057
20056
20027
20021
20020
20008
20003
19999
19997
19989
19966
19957
19955
19946
19917
19913
19908
19908
19905
19902
19873
19872
19868
19862
19843
19840
19833
19828
19825
19820
19803
19793
19792
19790
19782
19774
19771
19768
19760
19754
19730
19723
19723
19709
19685
19674
19673
19671
19664
19653
19636
19621
19618
19610
19608
19596
19588
19587
19568
19562
19559
19555
19549
19546
19529
19526
19514
19513
19504
19498
19483
19476
19463
19457
19452
19440
19410
19380
19370
19337
19320
19313
19288
19282
19247
19243
19238
19234
19215
19204
19200
19188
19182
19173
19138
19129
19122
19119
19084
19057
19054
19034
19003
18994
18990
18977
18975
18975
18967
18963
18959
18957
18954
18946
18934
18926
18909
18896
18894
18886
18881
18878
18872
18863
18842
18833
18830
18818
18814
18790
18789
18777
18774
18772
18767
18738
18719
18712
18695
18692
18674
18664
18650
18621
18617
18615
18610
18608
18596
18570
18569
18567
18561
18530
18519
18510
18488
18483
18481
18472
18454
18447
18412
18399
18393
18389
18377
18375
18353
18351
18319
18298
18285
18285
18282
18253
18247
18231
18226
18218
18211
18209
18203
18194
18193
18190
18165
18151
18141
18136
18131
18125
18122
18112
18101
18088
18083
18074
18068
18067
18062
18041
18021
18013
18009
17994
17990
17968
17963
17952
17945
17941
17941
17936
17915
17914
17897
17895
17895
17895
17892
17889
17879
17859
17849
17848
17845
17844
17839
17833
17813
17802
17798
17796
17766
17763
17754
17744
17728
17704
17698
17662
17657
17631
17629
17628
17619
17604
17574
17572
17568
17522
17518
17513
17506
17500
17493
17493
17492
17484
17463
17444
17432
17427
17379
17369
17356
17346
17340
17338
17321
17316
17312
17307
17293
17289
17287
17283
17279
17265
17230
17219
17212
17207
17182
17165
17163
17163
17162
17149
17149
17145
17140
17122
17117
17110
17102
17099
17090
17071
17047
17044
17030
17029
17029
16995
16994
16967
16967
16966
16952
16944
16929
16914
16899
16884
16864
16857
16857
16854
16854
16853
16844
16841
16841
16841
16840
16785
16782
16771
16768
16744
16740
16735
16724
16720
16701
16692
16683
16682
16674
16672
16663
16662
16647
16640
16639
16631
16621
16621
16616
16602
16597
16593
16588
16586
16569
16566
16564
16525
16522
16522
16510
16501
16497
16490
16485
16461
16459
16454
16425
16416
16406
16402
16402
16368
16347
16337
16326
16319
16308
16304
16297
16295
16274
16266
16257
16246
16246
16238
16227
16222
16221
16218
16206
16205
16203
16191
16186
16175
16174
16163
16150
16148
16137
16126
16110
16102
16102
16081
16068
16067
16066
16046
16020
16014
15999
15997
15990
15982
15974
15972
15914
15875
15866
15866
15799
15792
15790
15787
15777
15766
15756
15754
15748
15733
15712
15712
15710
15696
15679
15660
15621
15609
15586
15560
15539
15518
15518
15516
15511
15465
15456
15449
15429
15424
15407
15402
15392
15384
15381
15335
15332
15327
15325
15313
15300
15299
15293
15291
15291
15289
15285
15263
15258
15251
15222
15220
15158
15153
15143
15140
15139
15129
15125
15102
15083
15079
15071
15067
15031
15023
15023
14999
14996
14980
14973
14968
14966
14960
14948
14946
14936
14936
14933
14926
14924
14916
14903
14879
14878
14873
14872
14872
14870
14869
14862
14859
14840
14830
14826
14809
14806
14798
14793
14781
14775
14765
14762
14762
14760
14754
14749
14746
14743
14719
14719
14717
14712
14711
14705
14703
14691
14666
14626
14611
14601
14591
14576
14570
14567
14558
14552
14545
14528
14519
14507
14488
14442
14424
14414
14401
14393
14373
14363
14357
14349
14336
14332
14325
14323
14322
14316
14285
14280
14279
14269
14266
14256
14248
14242
14230
14230
14216
14197
14195
14162
14155
14155
14137
14132
14107
14099
14098
14095
14089
14087
14078
14073
14069
14066
14057
14046
14039
14038
14007
14003
13997
13995
13992
13971
13969
13967
13960
13943
13933
13919
13918
13907
13905
13859
13859
13840
13839
13835
13834
13832
13820
13802
13790
13785
13775
13771
13756
13738
13734
13725
13716
13706
13698
13687
13686
13684
13645
13636
13631
13630
13628
13613
13594
13581
13579
13568
13562
13559
13532
13532
13531
13515
13473
13446
13429
13424
13422
13391
13379
13336
13330
13326
13323
13316
13310
13299
13292
13291
13276
13275
13264
13262
13260
13238
13224
13222
13196
13182
13178
13170
13169
13156
13144
13136
13133
13126
13113
13109
13109
13109
13099
13097
13091
13063
13054
13043
13036
13027
13026
13025
13022
13016
13013
13003
12981
12966
12966
12958
12952
12932
12918
12898
12887
12873
12859
12840
12838
12835
12831
12831
12823
12806
12782
12770
12750
12746
12736
12727
12725
12716
12716
12690
12681
12673
12634
12624
12617
12617
12606
12591
12587
12577
12564
12544
12536
12529
12526
12483
12478
12470
12465
12445
12445
12443
12436
12435
12430
12430
12423
12419
12418
12411
12365
12340
12331
12312
12303
12297
12275
12273
12266
12253
12253
12238
12237
12218
12209
12205
12181
12178
12178
12171
12168
12155
12148
12134
12124
12118
12110
12105
12087
12074
12020
12011
12007
12000
11996
11980
11973
11960
11949
11949
11898
11891
11889
11886
11883
11872
11870
11854
11840
11823
11806
11801
11799
11793
11786
11781
11766
11762
11737
11725
11722
11721
11716
11697
11688
11687
11684
11672
11630
11619
11611
11601
11587
11574
11565
11539
11537
11535
11521
11509
11508
11472
11459
11457
11455
11449
11410
11409
11397
11394
11386
11385
11377
11339
11332
11319
11317
11296
11256
11248
11247
11216
11212
11196
11191
11190
11175
11175
11163
11149
11135
11132
11128
11118
11117
11112
11101
11087
11073
11049
11045
11036
11035
10973
10972
10970
10953
10950
10930
10915
10915
10891
10873
10870
10870
10864
10860
10855
10834
10830
10818
10811
10777
10777
10764
10714
10713
10695
10693
10681
10674
10666
10655
10649
10642
10632
10609
10604
10597
10591
10587
10586
10584
10565
10551
10547
10539
10527
10522
10521
10498
10481
10477
10471
10470
10464
10458
10429
10422
10409
10407
10384
10373
10343
10340
10305
10272
10271
10270
10253
10230
10191
10189
10184
10181
10168
10146
10138
10126
10113
10105
10101
10060
10060
10059
10040
10030
10018
10005
9970
9962
9957
9946
9937
9937
9929
9920
9909
9902
9893
9892
9876
9875
9838
9829
9811
9809
9802
9802
9797
9794
9779
9775
9774
9768
9747
9745
9727
9724
9701
9686
9673
9663
9658
9657
9636
9630
9626
9620
9613
9610
9609
9605
9597
9596
9595
9595
9592
9588
9582
9570
9562
9533
9514
9472
9464
9462
9461
9461
9441
9433
9428
9428
9411
9385
9371
9366
9359
9354
9354
9351
9328
9324
9312
9311
9311
9309
9307
9293
9284
9275
9245
9239
9221
9219
9194
9181
9172
9156
9150
9134
9129
9106
9100
9099
9097
9088
9057
9052
9048
9046
9038
9035
9030
9010
9000
8996
8995
8946
8936
8930
8923
8920
8906
8891
8874
8867
8865
8855
8830
8828
8814
8810
8804
8803
8793
8785
8782
8781
8779
8775
8770
8752
8743
8739
8727
8698
8695
8692
8689
8687
8682
8682
8632
8627
8624
8601
8599
8556
8550
8534
8511
8503
8493
8485
8485
8469
8463
8438
8418
8399
8393
8393
8383
8373
8370
8369
8349
8332
8330
8309
8283
8274
8262
8235
8235
8207
8192
8184
8180
8168
8150
8150
8133
8126
8120
8102
8094
8076
8035
8029
8025
8017
8015
8005
7967
7966
7965
7964
7934
7928
7907
7891
7876
7865
7834
7794
7788
7788
7770
7747
7743
7731
7721
7706
7702
7687
7682
7678
7677
7670
7670
7585
7583
7524
7520
7517
7511
7483
7477
7468
7460
7449
7442
7442
7439
7435
7424
7424
7418
7404
7397
7387
7382
7377
7356
7355
7349
7310
7306
7301
7292
7290
7284
7267
7266
7259
7259
7256
7220
7209
7187
7186
7184
7171
7141
7139
7134
7129
7113
7109
7096
7083
7080
7079
7063
7061
7052
7025
7016
7009
7003
6994
6985
6983
6973
6967
6958
6943
6939
6939
6935
6934
6934
6921
6918
6915
6896
6890
6889
6884
6872
6864
6853
6852
6826
6807
6807
6805
6802
6801
6767
6750
6745
6740
6735
6733
6733
6721
6721
6714
6713
6712
6689
6688
6671
6665
6664
6662
6593
6592
6591
6581
6554
6538
6534
6511
6505
6485
6479
6478
6470
6465
6462
6459
6439
6427
6413
6409
6405
6399
6388
6379
6374
6359
6340
6295
6286
6284
6267
6265
6264
6247
6244
6234
6233
6227
6218
6208
6196
6195
6174
6169
6164
6151
6151
6134
6101
6089
6064
6061
6028
6017
6009
6004
6001
5992
5989
5979
5978
5967
5961
5951
5945
5912
5899
5884
5876
5873
5851
5847
5829
5825
5795
5793
5790
5789
5786
5775
5774
5764
5746
5745
5717
5715
5702
5700
5697
5689
5682
5660
5644
5632
5600
5581
5572
5570
5568
5566
5531
5527
5521
5484
5483
5482
5454
5451
5414
5411
5409
5395
5383
5365
5361
5356
5346
5342
5324
5289
5273
5267
5252
5248
5227
5205
5202
5198
5184
5182
5164
5151
5132
5126
5123
5121
5108
5079
5066
5064
5054
5034
5024
5019
5013
5010
5002
4995
4991
4983
4978
4959
4957
4952
4946
4944
4938
4933
4925
4924
4915
4907
4897
4886
4881
4854
4831
4823
4821
4809
4806
4789
4782
4777
4773
4762
4759
4729
4725
4715
4708
4703
4702
4695
4672
4669
4666
4661
4646
4638
4632
4631
4620
4617
4612
4608
4601
4593
4562
4550
4518
4494
4480
4458
4455
4442
4438
4432
4422
4420
4411
4402
4392
4391
4379
4375
4350
4333
4324
4318
4307
4277
4276
4267
4260
4258
4246
4245
4234
4227
4206
4204
4202
4195
4192
4189
4188
4188
4174
4161
4134
4134
4113
4071
4062
4058
4057
4048
4039
4037
3984
3977
3977
3974
3955
3950
3946
3946
3945
3942
3926
3916
3916
3914
3908
3908
3902
3901
3880
3862
3820
3819
3817
3798
3758
3757
3745
3739
3733
3721
3710
3695
3682
3660
3643
3629
3596
3596
3595
3592
3588
3587
3558
3557
3539
3532
3514
3488
3477
3475
3464
3432
3431
3409
3408
3405
3403
3397
3393
3369
3364
3333
3307
3298
3298
3287
3281
3263
3262
3241
3240
3203
3147
3144
3103
3100
3061
3060
3041
3025
3012
2999
2996
2977
2973
2972
2967
2957
2915
2894
2867
2867
2866
2857
2828
2819
2801
2796
2790
2733
2730
2712
2712
2705
2703
2694
2693
2690
2686
2676
2675
2669
2661
2658
2656
2652
2646
2635
2634
2624
2597
2578
2573
2570
2562
2525
2525
2519
2507
2500
2500
2462
2455
2448
2446
2443
2425
2420
2418
2414
2396
2392
2386
2377
2365
2354
2350
2280
2278
2275
2265
2262
2246
2245
2243
2234
2232
2231
2231
2203
2182
2164
2160
2158
2151
2129
2122
2122
2115
2104
2086
2076
2069
2068
2025
2014
2012
2005
2000
1998
1994
1974
1967
1955
1949
1940
1934
1932
1923
1901
1839
1824
1804
1779
1760
1758
1755
1738
1722
1719
1718
1710
1702
1700
1695
1690
1684
1670
1665
1661
1647
1638
1637
1607
1606
1606
1602
1585
1565
1558
1554
1550
1534
1522
1518
1514
1511
1487
1485
1485
1473
1432
1427
1402
1396
1395
1383
1367
1357
1345
1344
1339
1306
1303
1290
1286
1284
1224
1216
1196
1193
1175
1173
1171
1158
1144
1128
1123
1121
1118
1112
1100
1090
1090
1084
1073
1067
1061
1053
1049
1048
1042
1027
1025
1009
996
975
974
953
950
929
911
907
905
887
875
863
839
837
832
808
799
797
796
792
790
758
744
741
733
730
724
717
706
661
646
643
626
625
620
584
581
578
577
550
512
488
464
455
445
439
434
429
393
380
369
368
347
344
341
333
324
322
321
318
316
313
291
276
259
241
237
237
207
197
193
184
167
163
162
107
58
46
45
29
22
21
16
10
